
       17.000	        6.000	        2.000	        4.000	     -168.000	       60.140	       18.317	        0.000	     1010.900	        0.000	      881.500	       57.100
       17.000	        6.000	        2.000	        5.000	     -167.000	       59.913	       18.470	        0.000	     1011.500	        0.000	     1086.100	       97.800
       17.000	        6.000	        2.000	        6.000	     -166.000	       59.669	       18.618	        0.000	     1012.300	        0.000	     1215.600	      138.300
       17.000	        6.000	        2.000	        7.000	     -165.000	       59.412	       18.762	        0.000	     1013.200	        0.000	     1238.000	      306.100
       17.000	        6.000	        2.000	        8.000	     -164.000	       59.152	       18.891	        0.000	     1014.500	        0.000	     1324.200	      476.100
       17.000	        6.000	        2.000	        9.000	     -163.000	       58.892	       18.991	        0.000	     1016.000	        0.000	     1410.500	      643.600
       17.000	        6.000	        2.000	       10.000	     -162.000	       58.636	       19.062	        0.000	     1016.100	        0.000	     1189.500	      669.100
       17.000	        6.000	        2.000	       11.000	     -161.000	       58.393	       19.125	        0.000	     1016.100	        0.000	     1040.200	      699.200
       17.000	        6.000	        2.000	       12.000	     -160.000	       58.169	       19.196	        0.000	     1016.200	        0.000	      959.500	      733.300
       17.000	        6.000	        2.000	       13.000	     -159.000	       57.957	       19.269	        0.000	     1017.000	        0.000	      881.600	      716.200
       17.000	        6.000	        2.000	       14.000	     -158.000	       57.750	       19.309	        0.000	     1018.000	        0.000	      844.700	      701.000
       17.000	        6.000	        2.000	       15.000	     -157.000	       57.553	       19.304	        0.000	     1019.100	        0.000	      813.200	      695.200
       17.000	        6.000	        2.000	       16.000	     -156.000	       57.378	       19.273	        0.000	     1019.600	        0.000	      743.300	      633.000
       17.000	        6.000	        2.000	       17.000	     -155.000	       57.229	       19.231	        0.000	     1019.900	        0.000	      670.800	      569.200
       17.000	        6.000	        2.000	       18.000	     -154.000	       57.101	       19.178	        0.000	     1020.200	        0.000	      591.800	      503.900
       17.000	        6.000	        2.000	       19.000	     -153.000	       56.996	       19.129	        0.000	     1020.300	        0.000	      520.200	      344.000
       17.000	        6.000	        2.000	       20.000	     -152.000	       56.910	       19.108	        0.000	     1020.400	        0.000	      449.900	      183.700
       17.000	        6.000	        2.000	       21.000	     -151.000	       56.840	       19.123	        0.000	     1020.400	        0.000	      397.900	       23.700
       17.000	        6.000	        2.000	       22.000	     -150.000	       56.781	       19.188	        0.000	     1020.600	        0.000	      450.900	       18.200
       17.000	        6.000	        2.000	       23.000	     -149.000	       56.721	       19.307	        0.000	     1020.800	        0.000	      516.500	       12.900
       17.000	        6.000	        3.000	        0.000	     -148.000	       56.653	       19.461	        0.000	     1021.000	        0.000	      584.600	        8.000
       17.000	        6.000	        3.000	        1.000	     -147.000	       56.572	       19.618	        0.000	     1020.400	        0.000	      638.400	        8.000
       17.000	        6.000	        3.000	        2.000	     -146.000	       56.486	       19.761	        0.000	     1019.900	        0.000	      682.200	        8.000
       17.000	        6.000	        3.000	        3.000	     -145.000	       56.400	       19.890	        0.100	     1019.700	        0.000	      720.000	        8.000
       17.000	        6.000	        3.000	        4.000	     -144.000	       56.316	       20.000	        0.100	     1020.200	        0.000	      740.000	       50.700
       17.000	        6.000	        3.000	        5.000	     -143.000	       56.239	       20.082	        0.000	     1020.600	        0.000	      698.400	       93.400
       17.000	        6.000	        3.000	        6.000	     -142.000	       56.177	       20.143	        0.000	     1020.900	        0.000	      680.400	      136.200
       17.000	        6.000	        3.000	        7.000	     -141.000	       56.132	       20.203	        0.000	     1020.800	        0.000	      658.800	      312.700
       17.000	        6.000	        3.000	        8.000	     -140.000	       56.110	       20.282	        0.000	     1020.700	        0.000	      643.300	      489.600
       17.000	        6.000	        3.000	        9.000	     -139.000	       56.108	       20.391	        0.000	     1020.300	        0.000	      642.600	      667.100
       17.000	        6.000	        3.000	       10.000	     -138.000	       56.117	       20.532	        0.000	     1019.500	        0.000	      626.900	      696.000
       17.000	        6.000	        3.000	       11.000	     -137.000	       56.127	       20.704	        0.000	     1019.000	        0.000	      598.400	      726.100
       17.000	        6.000	        3.000	       12.000	     -136.000	       56.129	       20.918	        0.000	     1018.900	        0.000	      554.500	      757.700
       17.000	        6.000	        3.000	       13.000	     -135.000	       56.122	       21.150	        0.000	     1016.100	        0.000	      689.300	      704.900
       17.000	        6.000	        3.000	       14.000	     -134.000	       56.111	       21.365	        0.000	     1012.000	        0.000	      854.500	      657.500
       17.000	        6.000	        3.000	       15.000	     -133.000	       56.099	       21.562	        0.000	     1008.000	        0.000	      953.500	      614.700
       17.000	        6.000	        3.000	       16.000	     -132.000	       56.082	       21.734	        2.200	     1004.400	        0.000	      778.600	      562.100
       17.000	        6.000	        3.000	       17.000	     -131.000	       56.061	       21.871	        6.000	     1001.700	        0.000	      470.400	      505.600
       17.000	        6.000	        3.000	       18.000	     -130.000	       56.038	       21.978	       10.500	      999.800	        0.000	       60.500	      446.200
       17.000	        6.000	        3.000	       19.000	     -129.000	       56.017	       22.057	       17.500	      998.400	        0.000	       46.100	      301.600
       17.000	        6.000	        3.000	       20.000	     -128.000	       56.002	       22.105	       28.100	      996.700	        0.000	       35.300	      155.200
       17.000	        6.000	        3.000	       21.000	     -127.000	       55.994	       22.120	       44.100	      995.100	        0.000	       26.000	        8.000
       17.000	        6.000	        3.000	       22.000	     -126.000	       55.998	       22.129	       68.200	      992.000	        0.000	       25.700	        8.000
       17.000	        6.000	        3.000	       23.000	     -125.000	       56.019	       22.167	      103.300	      986.700	        0.000	       26.100	        7.900
       17.000	        6.000	        4.000	        0.000	     -124.000	       56.058	       22.244	      152.200	      981.000	        0.000	       28.300	        7.700
       17.000	        6.000	        4.000	        1.000	     -123.000	       56.116	       22.350	      205.800	      974.600	        0.000	       39.800	        4.900
       17.000	        6.000	        4.000	        2.000	     -122.000	       56.193	       22.474	      251.800	      969.800	        0.000	       52.400	        2.400
       17.000	        6.000	        4.000	        3.000	     -121.000	       56.283	       22.623	      276.200	      968.000	        0.300	       64.900	        0.000
       17.000	        6.000	        4.000	        4.000	     -120.000	       56.374	       22.768	      270.000	      970.200	        0.200	      166.200	       32.600
       17.000	        6.000	        4.000	        5.000	     -119.000	       56.460	       22.872	      238.200	      974.900	        0.200	      278.300	       65.600
       17.000	        6.000	        4.000	        6.000	     -118.000	       56.541	       22.926	      186.900	      981.900	        0.400	      393.900	       98.400
       17.000	        6.000	        4.000	        7.000	     -117.000	       56.613	       22.946	      129.300	      989.700	        0.400	      536.500	      255.100
       17.000	        6.000	        4.000	        8.000	     -116.000	       56.672	       22.953	       78.200	      996.000	        0.300	      677.700	      420.000
       17.000	        6.000	        4.000	        9.000	     -115.000	       56.722	       22.950	       40.700	      999.900	        0.000	      820.100	      591.100
       17.000	        6.000	        4.000	       10.000	     -114.000	       56.763	       22.928	       18.900	     1002.400	        0.000	      970.100	      631.000
       17.000	        6.000	        4.000	       11.000	     -113.000	       56.795	       22.878	        9.000	     1003.500	        0.000	     1121.000	      665.600
       17.000	        6.000	        4.000	       12.000	     -112.000	       56.822	       22.807	        3.300	     1003.600	        0.000	     1279.600	      695.100
       17.000	        6.000	        4.000	       13.000	     -111.000	       56.849	       22.713	        0.000	     1002.800	        0.000	     1150.500	      619.300
       17.000	        6.000	        4.000	       14.000	     -110.000	       56.882	       22.592	        0.000	     1002.300	        0.000	     1034.800	      518.500
       17.000	        6.000	        4.000	       15.000	     -109.000	       56.922	       22.443	        0.000	     1002.200	        0.000	      943.900	      380.500
       17.000	        6.000	        4.000	       16.000	     -108.000	       56.968	       22.279	        0.000	     1002.200	        0.000	      785.600	      283.200
       17.000	        6.000	        4.000	       17.000	     -107.000	       57.018	       22.109	        0.000	     1002.000	        0.000	      581.500	      202.800
       17.000	        6.000	        4.000	       18.000	     -106.000	       57.077	       21.929	        0.000	     1001.700	        0.000	      302.600	      179.800
       17.000	        6.000	        4.000	       19.000	     -105.000	       57.138	       21.742	        3.900	     1002.500	        0.000	      229.000	      153.800
       17.000	        6.000	        4.000	       20.000	     -104.000	       57.202	       21.536	       26.300	     1000.100	        0.000	      169.200	       94.100
       17.000	        6.000	        4.000	       21.000	     -103.000	       57.277	       21.283	       37.800	     1000.100	        1.500	      122.100	        2.200
       17.000	        6.000	        4.000	       22.000	     -102.000	       57.351	       20.992	       40.100	     1000.400	        1.500	      109.300	        2.800
       17.000	        6.000	        4.000	       23.000	     -101.000	       57.403	       20.694	       40.100	      999.700	        1.500	      149.600	        3.200
       17.000	        6.000	        5.000	        0.000	     -100.000	       57.418	       20.393	       40.100	      999.000	        3.100	      183.100	        3.300
       17.000	        6.000	        5.000	        1.000	      -99.000	       57.395	       20.129	       40.800	      998.900	        3.100	      163.900	        2.100
       17.000	        6.000	        5.000	        2.000	      -98.000	       57.352	       19.967	       43.500	      998.700	        3.100	      138.100	        0.900
       17.000	        6.000	        5.000	        3.000	      -97.000	       57.303	       19.933	       48.500	      998.100	        0.200	      103.000	        0.000
       17.000	        6.000	        5.000	        4.000	      -96.000	       57.254	       20.035	       54.200	      998.100	        0.200	      206.600	       17.000
       17.000	        6.000	        5.000	        5.000	      -95.000	       57.203	       20.269	       58.800	      998.300	        0.200	      275.900	       30.700
       17.000	        6.000	        5.000	        6.000	      -94.000	       57.157	       20.617	       63.500	      998.600	        0.700	      267.100	       36.400
       17.000	        6.000	        5.000	        7.000	      -93.000	       57.125	       21.023	       71.800	      998.700	        0.600	      207.500	      158.200
       17.000	        6.000	        5.000	        8.000	      -92.000	       57.104	       21.440	       88.800	      995.200	        0.500	      395.600	      210.600
       17.000	        6.000	        5.000	        9.000	      -91.000	       57.084	       21.877	      124.200	      984.900	        0.000	      681.900	      176.900
       17.000	        6.000	        5.000	       10.000	      -90.000	       57.068	       22.348	      161.100	      977.300	        0.000	      803.700	      151.900
       17.000	        6.000	        5.000	       11.000	      -89.000	       57.069	       22.822	      128.000	      986.900	        0.000	      866.400	      163.600
       17.000	        6.000	        5.000	       12.000	      -88.000	       57.085	       23.250	       44.900	     1001.100	        0.000	      767.400	      210.900
       17.000	        6.000	        5.000	       13.000	      -87.000	       57.108	       23.616	        8.200	     1005.600	        0.000	      575.000	      256.900
       17.000	        6.000	        5.000	       14.000	      -86.000	       57.132	       23.981	        0.000	     1007.900	        0.000	      370.200	      265.600
       17.000	        6.000	        5.000	       15.000	      -85.000	       57.154	       24.339	        0.000	     1004.100	        0.000	      530.900	      195.100
       17.000	        6.000	        5.000	       16.000	      -84.000	       57.171	       24.646	        0.000	     1001.500	        0.200	      539.400	      157.400
       17.000	        6.000	        5.000	       17.000	      -83.000	       57.180	       24.884	        0.000	     1000.100	        0.100	      502.300	      129.300
       17.000	        6.000	        5.000	       18.000	      -82.000	       57.186	       25.073	        0.000	      999.200	        0.100	      429.200	      117.100
       17.000	        6.000	        5.000	       19.000	      -81.000	       57.197	       25.243	        0.000	      997.200	        0.100	      352.800	       77.800
       17.000	        6.000	        5.000	       20.000	      -80.000	       57.223	       25.412	        0.000	      995.400	        0.100	      255.000	       40.100
       17.000	        6.000	        5.000	       21.000	      -79.000	       57.263	       25.575	        0.000	      993.900	        0.000	      132.800	        3.400
       17.000	        6.000	        5.000	       22.000	      -78.000	       57.314	       25.736	        0.000	      993.500	        0.000	      152.600	        2.100
       17.000	        6.000	        5.000	       23.000	      -77.000	       57.369	       25.905	        0.000	      993.600	        0.000	      166.400	        0.800
       17.000	        6.000	        6.000	        0.000	      -76.000	       57.430	       26.080	        0.000	      995.400	        0.000	      170.600	        0.000
       17.000	        6.000	        6.000	        1.000	      -75.000	       57.492	       26.255	        0.000	      997.300	        0.000	      182.600	        6.000
       17.000	        6.000	        6.000	        2.000	      -74.000	       57.549	       26.429	        0.000	      999.000	        0.000	      199.300	       13.300
       17.000	        6.000	        6.000	        3.000	      -73.000	       57.602	       26.606	        0.000	     1000.600	        0.000	      220.500	       21.500
       17.000	        6.000	        6.000	        4.000	      -72.000	       57.652	       26.781	        0.000	     1002.400	        0.000	      270.000	       59.400
       17.000	        6.000	        6.000	        5.000	      -71.000	       57.701	       26.952	        0.000	     1003.900	        0.000	      315.900	       96.900
       17.000	        6.000	        6.000	        6.000	      -70.000	       57.747	       27.117	        0.000	     1005.400	        0.000	      356.100	      134.900
       17.000	        6.000	        6.000	        7.000	      -69.000	       57.789	       27.278	        0.000	     1006.500	        0.000	      628.600	      305.400
       17.000	        6.000	        6.000	        8.000	      -68.000	       57.825	       27.438	        0.000	     1007.600	        0.000	      771.600	      469.700
       17.000	        6.000	        6.000	        9.000	      -67.000	       57.857	       27.599	        0.000	     1008.700	        0.000	      769.900	      628.000
       17.000	        6.000	        6.000	       10.000	      -66.000	       57.879	       27.753	        0.000	     1010.100	        0.000	      603.300	      653.500
       17.000	        6.000	        6.000	       11.000	      -65.000	       57.889	       27.897	        0.000	     1011.400	        0.000	      415.400	      681.400
       17.000	        6.000	        6.000	       12.000	      -64.000	       57.884	       28.030	        0.000	     1012.100	        0.000	      319.600	      709.900
       17.000	        6.000	        6.000	       13.000	      -63.000	       57.870	       28.142	        0.000	     1011.300	        0.000	      501.200	      674.800
       17.000	        6.000	        6.000	       14.000	      -62.000	       57.852	       28.221	        0.000	     1010.600	        0.000	      636.900	      644.700
       17.000	        6.000	        6.000	       15.000	      -61.000	       57.829	       28.269	        0.000	     1010.200	        0.000	      729.600	      617.700
       17.000	        6.000	        6.000	       16.000	      -60.000	       57.811	       28.282	        0.000	     1010.200	        0.000	      520.700	      551.800
       17.000	        6.000	        6.000	       17.000	      -59.000	       57.806	       28.254	        0.000	     1010.400	        0.000	      262.200	      486.400
       17.000	        6.000	        6.000	       18.000	      -58.000	       57.815	       28.181	        0.000	     1011.100	        0.000	       25.000	      421.300
       17.000	        6.000	        6.000	       19.000	      -57.000	       57.842	       28.075	        0.000	     1012.000	        0.000	       25.100	      284.100
       17.000	        6.000	        6.000	       20.000	      -56.000	       57.892	       27.953	        0.000	     1012.600	        0.000	       25.700	      146.500
       17.000	        6.000	        6.000	       21.000	      -55.000	       57.967	       27.824	        0.000	     1012.200	        0.000	       29.300	        8.000
       17.000	        6.000	        6.000	       22.000	      -54.000	       58.052	       27.704	        0.000	     1011.700	        0.000	       42.400	        6.200
       17.000	        6.000	        6.000	       23.000	      -53.000	       58.130	       27.603	        0.000	     1011.200	        0.000	       47.800	        5.200
       17.000	        6.000	        7.000	        0.000	      -52.000	       58.201	       27.522	        0.000	     1010.900	        0.000	       48.800	        4.700
       17.000	        6.000	        7.000	        1.000	      -51.000	       58.268	       27.447	        0.000	     1010.500	        0.000	       54.800	       14.300
       17.000	        6.000	        7.000	        2.000	      -50.000	       58.331	       27.363	        0.000	     1010.100	        0.000	       60.200	       23.400
       17.000	        6.000	        7.000	        3.000	      -49.000	       58.392	       27.270	        0.000	     1009.700	        0.000	       65.000	       32.000
       17.000	        6.000	        7.000	        4.000	      -48.000	       58.448	       27.164	        0.000	     1009.500	        0.000	      171.100	       81.400
       17.000	        6.000	        7.000	        5.000	      -47.000	       58.499	       27.036	        0.000	     1009.300	        0.000	      291.900	      130.800
       17.000	        6.000	        7.000	        6.000	      -46.000	       58.548	       26.881	        0.000	     1008.800	        0.000	      429.300	      179.900
       17.000	        6.000	        7.000	        7.000	      -45.000	       58.605	       26.695	        0.000	     1007.600	        0.000	      766.100	      348.400
       17.000	        6.000	        7.000	        8.000	      -44.000	       58.677	       26.472	        0.000	     1006.300	        0.000	     1111.000	      516.300
       17.000	        6.000	        7.000	        9.000	      -43.000	       58.766	       26.204	        0.000	     1004.800	        0.000	     1476.900	      683.100
       17.000	        6.000	        7.000	       10.000	      -42.000	       58.862	       25.909	        0.000	     1002.900	        0.000	     1551.300	      701.100
       17.000	        6.000	        7.000	       11.000	      -41.000	       58.963	       25.607	        0.000	     1002.500	        0.000	     1585.400	      718.200
       17.000	        6.000	        7.000	       12.000	      -40.000	       59.065	       25.295	        0.000	     1003.400	        0.000	     1546.600	      732.900
       17.000	        6.000	        7.000	       13.000	      -39.000	       59.164	       24.958	        0.700	     1004.900	        0.000	     1475.600	      672.300
       17.000	        6.000	        7.000	       14.000	      -38.000	       59.258	       24.601	        0.200	     1006.700	        0.000	     1430.600	      609.100
       17.000	        6.000	        7.000	       15.000	      -37.000	       59.350	       24.236	        0.000	     1008.300	        0.000	     1374.700	      545.700
       17.000	        6.000	        7.000	       16.000	      -36.000	       59.434	       23.899	        0.000	     1009.000	        0.000	      833.300	      472.100
       17.000	        6.000	        7.000	       17.000	      -35.000	       59.507	       23.630	        0.000	     1009.500	        0.000	      354.500	      398.800
       17.000	        6.000	        7.000	       18.000	      -34.000	       59.572	       23.441	        0.000	     1009.800	        0.000	      122.400	      334.000
       17.000	        6.000	        7.000	       19.000	      -33.000	       59.632	       23.324	        0.000	     1010.400	        0.000	       91.400	      226.700
       17.000	        6.000	        7.000	       20.000	      -32.000	       59.690	       23.264	        0.000	     1010.700	        0.000	       67.800	      118.800
       17.000	        6.000	        7.000	       21.000	      -31.000	       59.744	       23.271	        0.000	     1010.800	        0.000	       49.900	        7.400
       17.000	        6.000	        7.000	       22.000	      -30.000	       59.792	       23.330	        0.000	     1010.800	        0.000	       63.700	        6.000
       17.000	        6.000	        7.000	       23.000	      -29.000	       59.834	       23.427	        0.000	     1010.700	        0.000	       73.200	        4.900
       17.000	        6.000	        8.000	        0.000	      -28.000	       59.865	       23.570	        0.000	     1010.600	        0.300	       73.000	        4.400
       17.000	        6.000	        8.000	        1.000	      -27.000	       59.883	       23.740	        0.000	     1010.400	        0.300	       85.900	        3.900
       17.000	        6.000	        8.000	        2.000	      -26.000	       59.890	       23.921	        0.000	     1010.100	        0.300	      114.400	        2.300
       17.000	        6.000	        8.000	        3.000	      -25.000	       59.887	       24.123	        0.000	     1009.900	        1.000	      137.400	        0.000
       17.000	        6.000	        8.000	        4.000	      -24.000	       59.878	       24.314	        0.000	     1010.000	        1.000	      115.500	        5.600
       17.000	        6.000	        8.000	        5.000	      -23.000	       59.866	       24.474	        0.000	     1010.400	        1.000	       99.100	       11.300
       17.000	        6.000	        8.000	        6.000	      -22.000	       59.847	       24.610	        1.800	     1011.000	        1.000	       86.900	       16.900
       17.000	        6.000	        8.000	        7.000	      -21.000	       59.826	       24.728	        6.300	     1011.100	        1.000	      100.100	       47.300
       17.000	        6.000	        8.000	        8.000	      -20.000	       59.805	       24.825	       12.500	     1011.200	        1.000	      110.300	       76.600
       17.000	        6.000	        8.000	        9.000	      -19.000	       59.785	       24.900	       22.600	     1009.200	        1.800	      118.300	      104.700
       17.000	        6.000	        8.000	       10.000	      -18.000	       59.766	       24.944	       38.200	     1006.800	        1.800	      144.100	      125.800
       17.000	        6.000	        8.000	       11.000	      -17.000	       59.753	       24.951	       53.700	     1005.200	        1.800	      178.900	      150.600
       17.000	        6.000	        8.000	       12.000	      -16.000	       59.749	       24.924	       65.400	     1003.800	        0.700	      219.700	      179.000
       17.000	        6.000	        8.000	       13.000	      -15.000	       59.756	       24.878	       74.900	     1002.400	        0.700	      213.700	      173.800
       17.000	        6.000	        8.000	       14.000	      -14.000	       59.776	       24.829	       83.800	     1001.300	        0.700	      203.200	      168.000
       17.000	        6.000	        8.000	       15.000	      -13.000	       59.808	       24.779	       90.800	     1000.700	        2.600	      187.400	      162.900
       17.000	        6.000	        8.000	       16.000	      -12.000	       59.847	       24.732	       95.700	     1000.400	        2.600	      130.300	      151.700
       17.000	        6.000	        8.000	       17.000	      -11.000	       59.883	       24.690	       98.900	     1000.200	        2.600	       80.900	      139.200
       17.000	        6.000	        8.000	       18.000	      -10.000	       59.912	       24.654	      100.100	     1000.300	        3.300	       41.000	      125.800
       17.000	        6.000	        8.000	       19.000	       -9.000	       59.945	       24.635	      100.100	     1000.600	        3.100	       35.700	       86.100
       17.000	        6.000	        8.000	       20.000	       -8.000	       59.989	       24.644	      100.100	     1001.100	        3.000	       30.300	       46.500
       17.000	        6.000	        8.000	       21.000	       -7.000	       60.045	       24.673	      100.100	     1000.600	        0.000	       35.400	       12.600
       17.000	        6.000	        8.000	       22.000	       -6.000	       60.097	       24.700	      100.000	      999.900	        0.000	       48.400	       10.100
       17.000	        6.000	        8.000	       23.000	       -5.000	       60.131	       24.719	      100.000	      999.600	        0.000	       55.200	        8.300
       17.000	        6.000	        9.000	        0.000	       -4.000	       60.146	       24.737	      100.000	      999.500	        0.000	       57.700	        6.800
       17.000	        6.000	        9.000	        1.000	       -3.000	       60.154	       24.765	      100.000	      999.600	        0.000	       52.900	       13.900
       17.000	        6.000	        9.000	        2.000	       -2.000	       60.168	       24.808	      100.000	      999.700	        0.000	       47.500	       20.700
       17.000	        6.000	        9.000	        3.000	       -1.000	       60.184	       24.869	      100.000	      999.700	        0.000	       40.700	       26.900
       17.000	        6.000	        9.000	        4.000	        0.000	       60.196	       24.952	      100.000	      999.800	        0.000	       57.100	       65.200
       17.000	        6.000	        9.000	        5.000	        1.000	       60.194	       25.063	      100.000	     1000.100	        0.000	       70.200	      105.200
       17.000	        6.000	        9.000	        6.000	        2.000	       60.177	       25.205	      100.000	     1000.600	        0.000	       90.000	      147.300
       17.000	        6.000	        9.000	        7.000	        3.000	       60.158	       25.375	      100.000	     1001.200	        0.000	      122.900	      312.300
       17.000	        6.000	        9.000	        8.000	        4.000	       60.152	       25.573	      100.000	     1001.600	        0.000	      147.000	      470.400
       17.000	        6.000	        9.000	        9.000	        5.000	       60.158	       25.805	      100.000	     1001.800	        0.000	      161.600	      619.200
       17.000	        6.000	        9.000	       10.000	        6.000	       60.160	       26.062	      100.000	     1002.100	        0.000	      166.800	      630.300
       17.000	        6.000	        9.000	       11.000	        7.000	       60.151	       26.326	      100.100	     1002.500	        0.000	      158.100	      643.000
       17.000	        6.000	        9.000	       12.000	        8.000	       60.135	       26.597	      100.100	     1003.100	        0.000	      138.000	      658.500
       17.000	        6.000	        9.000	       13.000	        9.000	       60.116	       26.871	      100.100	     1003.300	        0.000	      106.900	      623.700
       17.000	        6.000	        9.000	       14.000	       10.000	       60.101	       27.134	      100.100	     1003.500	        0.000	       96.700	      589.600
       17.000	        6.000	        9.000	       15.000	       11.000	       60.090	       27.376	      100.100	     1003.500	        0.000	       92.600	      561.000
       17.000	        6.000	        9.000	       16.000	       12.000	       60.076	       27.603	      100.100	     1003.600	        0.000	       83.000	      508.800
       17.000	        6.000	        9.000	       17.000	       13.000	       60.056	       27.825	      100.100	     1003.700	        0.000	       67.700	      456.900
       17.000	        6.000	        9.000	       18.000	       14.000	       60.033	       28.035	      100.100	     1003.800	        0.000	       46.400	      401.100
       17.000	        6.000	        9.000	       19.000	       15.000	       60.009	       28.243	      100.100	     1004.100	        0.000	       54.800	      262.500
       17.000	        6.000	        9.000	       20.000	       16.000	       59.988	       28.459	      100.100	     1004.200	        0.000	       66.700	      129.500
       17.000	        6.000	        9.000	       21.000	       17.000	       59.969	       28.676	      100.100	     1004.100	        0.000	       79.000	        8.000
       17.000	        6.000	        9.000	       22.000	       18.000	       59.954	       28.882	      100.100	     1004.000	        0.000	       97.400	        8.000
       17.000	        6.000	        9.000	       23.000	       19.000	       59.945	       29.069	      100.100	     1003.900	        0.000	      104.800	        7.600
       17.000	        6.000	       10.000	        0.000	       20.000	       59.940	       29.243	      100.100	     1003.800	        0.000	       94.400	        6.100
       17.000	        6.000	       10.000	        1.000	       21.000	       59.932	       29.405	      100.100	     1003.800	        0.000	       81.200	        9.600
       17.000	        6.000	       10.000	        2.000	       22.000	       59.916	       29.550	      100.100	     1003.700	        0.000	       69.700	       16.400
       17.000	        6.000	       10.000	        3.000	       23.000	       59.889	       29.679	      100.100	     1003.500	        0.000	       60.800	       26.000
       17.000	        6.000	       10.000	        4.000	       24.000	       59.859	       29.792	      100.100	     1003.400	        0.000	       77.300	       70.200