
       17.000	        6.000	        2.000	       19.000	     -168.000	       65.590	      -25.087	        0.000	     1006.600	        0.000	      818.800	      284.700
       17.000	        6.000	        2.000	       20.000	     -167.000	       65.264	      -25.854	        0.000	     1005.500	        0.000	      727.400	      232.400
       17.000	        6.000	        2.000	       21.000	     -166.000	       64.930	      -26.540	        0.000	     1004.500	        0.000	      723.400	      187.700
       17.000	        6.000	        2.000	       22.000	     -165.000	       64.606	      -27.215	        0.000	     1004.900	        0.000	      722.200	      133.400
       17.000	        6.000	        2.000	       23.000	     -164.000	       64.304	      -27.875	        0.000	     1005.100	        0.600	      738.100	       67.500
       17.000	        6.000	        3.000	        0.000	     -163.000	       64.008	      -28.511	        0.000	     1005.000	        0.300	      757.200	       48.400
       17.000	        6.000	        3.000	        1.000	     -162.000	       63.719	      -29.099	        3.700	     1004.200	        0.300	      711.700	       61.000
       17.000	        6.000	        3.000	        2.000	     -161.000	       63.445	      -29.616	        6.000	     1003.600	        0.300	      670.100	       40.500
       17.000	        6.000	        3.000	        3.000	     -160.000	       63.174	      -30.067	        6.900	     1002.600	        0.300	      648.800	        0.000
       17.000	        6.000	        3.000	        4.000	     -159.000	       62.900	      -30.473	        6.900	     1002.900	        0.300	      628.700	        1.500
       17.000	        6.000	        3.000	        5.000	     -158.000	       62.626	      -30.845	        6.900	     1002.700	        0.300	      582.400	        2.500
       17.000	        6.000	        3.000	        6.000	     -157.000	       62.356	      -31.180	        6.900	     1002.600	        0.000	      512.600	        4.200
       17.000	        6.000	        3.000	        7.000	     -156.000	       62.093	      -31.475	        6.900	     1002.600	        0.000	      457.400	       52.600
       17.000	        6.000	        3.000	        8.000	     -155.000	       61.836	      -31.722	        6.900	     1002.500	        0.500	      431.500	       93.400
       17.000	        6.000	        3.000	        9.000	     -154.000	       61.591	      -31.926	        6.900	     1002.500	        0.000	      400.300	      137.700
       17.000	        6.000	        3.000	       10.000	     -153.000	       61.355	      -32.097	        6.900	     1002.700	        0.000	      354.000	      206.600
       17.000	        6.000	        3.000	       11.000	     -152.000	       61.122	      -32.243	        6.900	     1002.800	        0.000	      315.900	      264.100
       17.000	        6.000	        3.000	       12.000	     -151.000	       60.892	      -32.369	        6.900	     1002.900	        0.000	      288.100	      309.200
       17.000	        6.000	        3.000	       13.000	     -150.000	       60.664	      -32.469	        6.900	     1002.800	        0.000	      276.200	      448.400
       17.000	        6.000	        3.000	       14.000	     -149.000	       60.439	      -32.533	        6.900	     1002.700	        0.000	      264.200	      601.400
       17.000	        6.000	        3.000	       15.000	     -148.000	       60.218	      -32.566	        6.900	     1002.700	        0.000	      253.600	      761.700
       17.000	        6.000	        3.000	       16.000	     -147.000	       60.001	      -32.568	        6.900	     1002.800	        0.000	      233.100	      761.900
       17.000	        6.000	        3.000	       17.000	     -146.000	       59.787	      -32.539	        6.900	     1002.900	        0.000	      218.200	      739.800
       17.000	        6.000	        3.000	       18.000	     -145.000	       59.576	      -32.480	        6.900	     1003.000	        0.000	      206.600	      726.000
       17.000	        6.000	        3.000	       19.000	     -144.000	       59.368	      -32.399	        6.900	     1002.900	        0.000	      211.900	      606.200
       17.000	        6.000	        3.000	       20.000	     -143.000	       59.160	      -32.302	        6.900	     1002.800	        0.000	      221.700	      488.400
       17.000	        6.000	        3.000	       21.000	     -142.000	       58.950	      -32.191	        6.900	     1002.700	        0.000	      239.400	      366.400
       17.000	        6.000	        3.000	       22.000	     -141.000	       58.740	      -32.062	        6.900	     1002.700	        0.000	      265.500	      310.800
       17.000	        6.000	        3.000	       23.000	     -140.000	       58.533	      -31.908	        6.900	     1002.700	        0.000	      300.900	      257.200
       17.000	        6.000	        4.000	        0.000	     -139.000	       58.324	      -31.732	        6.900	     1002.700	        0.000	      345.900	      201.900
       17.000	        6.000	        4.000	        1.000	     -138.000	       58.114	      -31.536	        6.900	     1003.000	        0.000	      399.000	      133.700
       17.000	        6.000	        4.000	        2.000	     -137.000	       57.907	      -31.329	        6.900	     1003.100	        0.000	      473.700	       62.900
       17.000	        6.000	        4.000	        3.000	     -136.000	       57.706	      -31.109	        6.900	     1003.200	        0.000	      546.100	        0.000
       17.000	        6.000	        4.000	        4.000	     -135.000	       57.513	      -30.873	        6.900	     1003.400	        0.000	      588.700	        0.000
       17.000	        6.000	        4.000	        5.000	     -134.000	       57.324	      -30.615	        6.900	     1003.400	        0.000	      623.300	        0.000
       17.000	        6.000	        4.000	        6.000	     -133.000	       57.139	      -30.339	        6.900	     1003.100	        0.000	      673.300	        0.000
       17.000	        6.000	        4.000	        7.000	     -132.000	       56.959	      -30.045	        6.900	     1003.300	        0.000	      702.000	       22.500
       17.000	        6.000	        4.000	        8.000	     -131.000	       56.789	      -29.726	        6.900	     1003.800	        0.000	      688.400	       54.600
       17.000	        6.000	        4.000	        9.000	     -130.000	       56.629	      -29.384	        6.900	     1003.800	        0.000	      681.400	       86.400
       17.000	        6.000	        4.000	       10.000	     -129.000	       56.471	      -29.018	        6.900	     1003.500	        0.000	      713.100	      124.400
       17.000	        6.000	        4.000	       11.000	     -128.000	       56.313	      -28.628	        6.900	     1004.000	        0.000	      732.500	      173.900
       17.000	        6.000	        4.000	       12.000	     -127.000	       56.162	      -28.210	        6.900	     1004.400	        0.000	      711.600	      220.000
       17.000	        6.000	        4.000	       13.000	     -126.000	       56.024	      -27.758	        6.900	     1004.200	        0.000	      736.100	      403.200
       17.000	        6.000	        4.000	       14.000	     -125.000	       55.898	      -27.281	        6.900	     1003.900	        0.000	      778.000	      591.400
       17.000	        6.000	        4.000	       15.000	     -124.000	       55.784	      -26.793	        6.900	     1003.900	        0.000	      813.600	      762.300
       17.000	        6.000	        4.000	       16.000	     -123.000	       55.673	      -26.301	        6.900	     1003.000	        0.000	      809.200	      715.500
       17.000	        6.000	        4.000	       17.000	     -122.000	       55.556	      -25.808	        6.900	     1002.800	        0.000	      831.800	      694.300
       17.000	        6.000	        4.000	       18.000	     -121.000	       55.439	      -25.309	        6.900	     1003.100	        0.000	      868.600	      672.900
       17.000	        6.000	        4.000	       19.000	     -120.000	       55.328	      -24.797	        6.900	     1003.400	        0.000	      909.500	      498.700
       17.000	        6.000	        4.000	       20.000	     -119.000	       55.228	      -24.275	        6.900	     1003.500	        0.000	      915.400	      334.800
       17.000	        6.000	        4.000	       21.000	     -118.000	       55.140	      -23.743	        6.900	     1003.600	        0.000	      886.800	      227.000
       17.000	        6.000	        4.000	       22.000	     -117.000	       55.059	      -23.205	        6.900	     1003.100	        0.000	      953.300	      165.500
       17.000	        6.000	        4.000	       23.000	     -116.000	       54.976	      -22.674	        6.900	     1001.900	        0.000	     1007.900	      118.200
       17.000	        6.000	        5.000	        0.000	     -115.000	       54.887	      -22.153	        6.900	     1001.600	        0.000	      998.900	       82.300
       17.000	        6.000	        5.000	        1.000	     -114.000	       54.796	      -21.630	        6.900	     1001.700	        0.000	     1006.200	       62.800
       17.000	        6.000	        5.000	        2.000	     -113.000	       54.710	      -21.100	        6.900	     1001.600	        0.000	     1026.200	       36.900
       17.000	        6.000	        5.000	        3.000	     -112.000	       54.622	      -20.573	        6.900	     1001.100	        0.000	     1021.000	        0.000
       17.000	        6.000	        5.000	        4.000	     -111.000	       54.532	      -20.050	        6.900	     1000.700	        0.100	     1013.700	        2.700
       17.000	        6.000	        5.000	        5.000	     -110.000	       54.438	      -19.537	        6.900	     1000.800	        0.000	     1040.600	        5.300
       17.000	        6.000	        5.000	        6.000	     -109.000	       54.336	      -19.044	        6.900	     1000.800	        0.000	     1053.700	        8.000
       17.000	        6.000	        5.000	        7.000	     -108.000	       54.226	      -18.562	        6.900	     1000.900	        0.000	     1046.900	       76.700
       17.000	        6.000	        5.000	        8.000	     -107.000	       54.117	      -18.088	        6.900	     1000.800	        0.000	     1064.200	      158.300
       17.000	        6.000	        5.000	        9.000	     -106.000	       54.003	      -17.620	        6.900	     1000.800	        0.000	     1056.900	      259.600
       17.000	        6.000	        5.000	       10.000	     -105.000	       53.877	      -17.152	        6.900	     1001.100	        0.000	     1040.700	      363.800
       17.000	        6.000	        5.000	       11.000	     -104.000	       53.741	      -16.685	        6.900	     1001.500	        0.000	     1058.200	      424.800
       17.000	        6.000	        5.000	       12.000	     -103.000	       53.600	      -16.220	        6.900	     1002.200	        0.000	     1093.100	      485.800
       17.000	        6.000	        5.000	       13.000	     -102.000	       53.448	      -15.754	        6.900	     1002.300	        0.000	     1115.300	      607.800
       17.000	        6.000	        5.000	       14.000	     -101.000	       53.281	      -15.286	        6.900	     1002.400	        0.000	     1127.900	      708.100
       17.000	        6.000	        5.000	       15.000	     -100.000	       53.101	      -14.815	        6.900	     1002.800	        0.100	     1081.200	      786.800
       17.000	        6.000	        5.000	       16.000	      -99.000	       52.909	      -14.328	        6.900	     1002.600	        0.000	     1131.500	      737.700
       17.000	        6.000	        5.000	       17.000	      -98.000	       52.701	      -13.823	        6.900	     1002.800	        0.000	     1184.700	      706.100
       17.000	        6.000	        5.000	       18.000	      -97.000	       52.479	      -13.301	        6.900	     1003.000	        0.000	     1236.700	      721.200
       17.000	        6.000	        5.000	       19.000	      -96.000	       52.248	      -12.762	        6.900	     1003.100	        0.000	     1266.300	      549.200
       17.000	        6.000	        5.000	       20.000	      -95.000	       52.012	      -12.207	        6.900	     1003.200	        0.000	     1296.500	      345.900
       17.000	        6.000	        5.000	       21.000	      -94.000	       51.773	      -11.640	        6.900	     1003.200	        0.000	     1319.800	      154.500
       17.000	        6.000	        5.000	       22.000	      -93.000	       51.532	      -11.060	        6.900	     1002.600	        0.000	     1348.300	      116.600
       17.000	        6.000	        5.000	       23.000	      -92.000	       51.300	      -10.464	        8.300	     1000.500	        0.000	     1331.600	       88.800
       17.000	        6.000	        6.000	        0.000	      -91.000	       51.088	       -9.838	        9.900	     1001.700	        0.000	     1363.500	       64.300
       17.000	        6.000	        6.000	        1.000	      -90.000	       50.879	       -9.174	       10.400	     1002.400	        0.000	     1442.300	       41.600
       17.000	        6.000	        6.000	        2.000	      -89.000	       50.660	       -8.479	       10.400	     1002.300	        0.000	     1507.800	       15.300
       17.000	        6.000	        6.000	        3.000	      -88.000	       50.441	       -7.750	       10.400	     1001.900	        0.000	     1554.300	        0.000
       17.000	        6.000	        6.000	        4.000	      -87.000	       50.228	       -6.992	       10.400	     1001.700	        0.000	     1583.100	        6.000
       17.000	        6.000	        6.000	        5.000	      -86.000	       50.013	       -6.221	       10.400	     1002.900	        0.000	     1627.200	       14.800
       17.000	        6.000	        6.000	        6.000	      -85.000	       49.816	       -5.449	        9.300	     1002.600	        0.000	     1609.500	       23.300
       17.000	        6.000	        6.000	        7.000	      -84.000	       49.651	       -4.685	        1.600	     1002.800	        0.000	     1610.600	      162.400
       17.000	        6.000	        6.000	        8.000	      -83.000	       49.505	       -3.899	        0.000	     1002.800	        0.000	     1612.800	      302.100
       17.000	        6.000	        6.000	        9.000	      -82.000	       49.390	       -3.112	        0.000	     1003.300	        0.000	     1583.400	      442.500
       17.000	        6.000	        6.000	       10.000	      -81.000	       49.319	       -2.326	        0.000	     1004.400	        0.000	     1583.600	      502.300
       17.000	        6.000	        6.000	       11.000	      -80.000	       49.287	       -1.562	        0.000	     1000.300	        0.000	     1587.800	      554.000
       17.000	        6.000	        6.000	       12.000	      -79.000	       49.286	       -0.865	        0.000	      996.100	        0.000	     1616.200	      603.900
       17.000	        6.000	        6.000	       13.000	      -78.000	       49.309	       -0.212	        0.000	      998.500	        0.100	     1713.000	      651.100
       17.000	        6.000	        6.000	       14.000	      -77.000	       49.348	        0.428	        0.000	      997.500	        0.100	     1748.500	      727.400
       17.000	        6.000	        6.000	       15.000	      -76.000	       49.397	        1.073	        0.000	      995.800	        0.100	     1765.600	      835.100
       17.000	        6.000	        6.000	       16.000	      -75.000	       49.450	        1.651	        0.000	      997.500	        0.300	     1637.300	      760.500
       17.000	        6.000	        6.000	       17.000	      -74.000	       49.504	        2.088	        0.000	      997.300	        0.000	     1421.800	      688.300
       17.000	        6.000	        6.000	       18.000	      -73.000	       49.558	        2.408	        0.000	      996.200	        0.000	     1166.700	      618.300
       17.000	        6.000	        6.000	       19.000	      -72.000	       49.618	        2.683	        0.000	      995.600	        0.200	     1053.800	      423.000
       17.000	        6.000	        6.000	       20.000	      -71.000	       49.697	        2.966	        0.000	      994.800	        0.200	      959.100	      233.100
       17.000	        6.000	        6.000	       21.000	      -70.000	       49.801	        3.261	        0.000	      992.000	        0.000	      843.900	       47.600
       17.000	        6.000	        6.000	       22.000	      -69.000	       49.926	        3.553	        0.000	      988.900	        0.100	      810.600	       39.800
       17.000	        6.000	        6.000	       23.000	      -68.000	       50.060	        3.830	        0.000	      987.600	        0.000	      791.900	       32.000
       17.000	        6.000	        7.000	        0.000	      -67.000	       50.199	        4.101	        0.000	      988.200	        0.000	      792.400	       23.400
       17.000	        6.000	        7.000	        1.000	      -66.000	       50.345	        4.386	        0.100	      987.300	        0.000	      853.500	       14.600
       17.000	        6.000	        7.000	        2.000	      -65.000	       50.502	        4.707	        3.400	      988.000	        0.000	      901.900	        7.100
       17.000	        6.000	        7.000	        3.000	      -64.000	       50.676	        5.068	        4.000	      991.100	        0.000	      925.800	        0.000
       17.000	        6.000	        7.000	        4.000	      -63.000	       50.859	        5.458	        2.300	      996.200	        0.000	     1010.100	       10.400
       17.000	        6.000	        7.000	        5.000	      -62.000	       51.041	        5.863	        0.000	      999.900	        0.000	     1120.400	       22.200
       17.000	        6.000	        7.000	        6.000	      -61.000	       51.214	        6.245	        0.000	      999.700	        0.000	     1258.700	       36.000
       17.000	        6.000	        7.000	        7.000	      -60.000	       51.377	        6.603	        0.000	     1000.100	        0.600	     1353.600	      105.300
       17.000	        6.000	        7.000	        8.000	      -59.000	       51.542	        6.973	        0.000	     1000.500	        0.000	     1414.500	      157.200
       17.000	        6.000	        7.000	        9.000	      -58.000	       51.714	        7.363	        0.000	      996.700	        0.200	     1452.100	      166.000
       17.000	        6.000	        7.000	       10.000	      -57.000	       51.884	        7.727	        0.000	      997.300	        0.200	     1487.700	      159.700
       17.000	        6.000	        7.000	       11.000	      -56.000	       52.045	        8.029	        0.000	     1000.400	        0.200	     1515.900	      167.300
       17.000	        6.000	        7.000	       12.000	      -55.000	       52.199	        8.295	        0.000	      997.500	        0.000	     1553.500	      221.600
       17.000	        6.000	        7.000	       13.000	      -54.000	       52.341	        8.584	        0.000	      996.700	        0.000	     1489.700	      229.700
       17.000	        6.000	        7.000	       14.000	      -53.000	       52.476	        8.930	        0.000	      996.600	        0.000	     1426.600	      211.700
       17.000	        6.000	        7.000	       15.000	      -52.000	       52.607	        9.336	        0.000	      998.300	        0.700	     1452.900	      251.300
       17.000	        6.000	        7.000	       16.000	      -51.000	       52.738	        9.748	        0.000	      998.500	        0.500	     1437.900	      290.100
       17.000	        6.000	        7.000	       17.000	      -50.000	       52.856	       10.107	        0.000	      999.200	        0.500	     1380.900	      290.500
       17.000	        6.000	        7.000	       18.000	      -49.000	       52.949	       10.410	        0.000	     1001.400	        0.500	     1315.400	      278.400
       17.000	        6.000	        7.000	       19.000	      -48.000	       53.038	       10.687	        0.000	     1003.900	        0.300	     1138.600	      200.000
       17.000	        6.000	        7.000	       20.000	      -47.000	       53.151	       10.976	        0.000	     1006.100	        0.300	      983.700	      108.900
       17.000	        6.000	        7.000	       21.000	      -46.000	       53.286	       11.278	        0.000	     1007.100	        0.000	      829.600	        7.400
       17.000	        6.000	        7.000	       22.000	      -45.000	       53.433	       11.570	        0.000	     1007.400	        0.100	      751.100	        5.500
       17.000	        6.000	        7.000	       23.000	      -44.000	       53.582	       11.826	        0.000	     1007.400	        0.400	      683.600	        3.600
       17.000	        6.000	        8.000	        0.000	      -43.000	       53.730	       12.041	        0.000	     1007.300	        0.500	      622.500	        2.400
       17.000	        6.000	        8.000	        1.000	      -42.000	       53.882	       12.251	        0.100	     1008.000	        0.300	      636.900	        1.800
       17.000	        6.000	        8.000	        2.000	      -41.000	       54.041	       12.494	        6.400	     1008.700	        0.200	      646.100	        1.300
       17.000	        6.000	        8.000	        3.000	      -40.000	       54.208	       12.804	       10.100	     1009.300	        0.000	      733.800	        0.000
       17.000	        6.000	        8.000	        4.000	      -39.000	       54.384	       13.216	       11.400	     1010.900	        0.000	      950.500	       26.800
       17.000	        6.000	        8.000	        5.000	      -38.000	       54.575	       13.716	       11.400	     1011.400	        0.800	     1102.200	       45.400
       17.000	        6.000	        8.000	        6.000	      -37.000	       54.777	       14.257	       13.000	     1010.600	        1.000	     1166.900	       55.700
       17.000	        6.000	        8.000	        7.000	      -36.000	       54.964	       14.773	       26.400	     1008.500	        0.000	     1153.200	      222.300
       17.000	        6.000	        8.000	        8.000	      -35.000	       55.143	       15.278	       51.200	     1003.400	        0.000	      995.000	      390.700
       17.000	        6.000	        8.000	        9.000	      -34.000	       55.345	       15.841	       74.500	     1003.400	        0.000	      709.100	      555.000
       17.000	        6.000	        8.000	       10.000	      -33.000	       55.563	       16.407	       77.800	     1004.100	        0.000	      510.800	      594.900
       17.000	        6.000	        8.000	       11.000	      -32.000	       55.790	       16.978	       77.800	     1004.700	        0.000	      491.900	      645.500
       17.000	        6.000	        8.000	       12.000	      -31.000	       56.024	       17.554	       77.800	     1004.600	        0.400	      488.400	      571.700
       17.000	        6.000	        8.000	       13.000	      -30.000	       56.254	       18.083	       77.800	     1004.500	        0.300	      436.000	      578.200
       17.000	        6.000	        8.000	       14.000	      -29.000	       56.481	       18.566	       77.800	     1004.400	        0.300	      369.400	      604.500
       17.000	        6.000	        8.000	       15.000	      -28.000	       56.705	       19.043	       77.800	     1004.300	        0.000	      376.700	      599.400
       17.000	        6.000	        8.000	       16.000	      -27.000	       56.915	       19.514	       77.800	     1004.600	        0.000	      537.400	      576.800
       17.000	        6.000	        8.000	       17.000	      -26.000	       57.100	       19.949	       77.800	     1004.700	        0.000	      597.300	      521.500
       17.000	        6.000	        8.000	       18.000	      -25.000	       57.266	       20.321	       77.800	     1004.800	        0.000	      402.700	      465.400
       17.000	        6.000	        8.000	       19.000	      -24.000	       57.438	       20.641	       77.800	     1005.000	        0.000	      346.300	      318.200
       17.000	        6.000	        8.000	       20.000	      -23.000	       57.622	       20.939	       77.800	     1005.100	        0.000	      333.900	      170.800
       17.000	        6.000	        8.000	       21.000	      -22.000	       57.813	       21.224	       77.800	     1004.700	        0.000	      293.000	       23.300
       17.000	        6.000	        8.000	       22.000	      -21.000	       57.999	       21.499	       77.800	     1004.700	        0.000	      249.400	       18.700
       17.000	        6.000	        8.000	       23.000	      -20.000	       58.179	       21.743	       77.800	     1004.800	        0.000	      189.100	       13.300
       17.000	        6.000	        9.000	        0.000	      -19.000	       58.361	       21.935	       77.800	     1004.800	        0.000	      138.400	        8.000
       17.000	        6.000	        9.000	        1.000	      -18.000	       58.540	       22.089	       77.800	     1004.800	        0.000	      113.200	       13.300
       17.000	        6.000	        9.000	        2.000	      -17.000	       58.707	       22.225	       77.800	     1004.800	        0.000	       97.700	       18.700
       17.000	        6.000	        9.000	        3.000	      -16.000	       58.864	       22.338	       77.800	     1004.700	        0.000	       80.600	       24.000
       17.000	        6.000	        9.000	        4.000	      -15.000	       59.008	       22.438	       77.800	     1005.200	        0.000	       52.700	       65.200
       17.000	        6.000	        9.000	        5.000	      -14.000	       59.137	       22.542	       77.800	     1005.700	        0.000	       47.900	      107.800
       17.000	        6.000	        9.000	        6.000	      -13.000	       59.255	       22.647	       77.800	     1006.100	        0.000	       48.800	      151.200
       17.000	        6.000	        9.000	        7.000	      -12.000	       59.366	       22.757	       77.800	     1006.000	        0.000	       68.500	      313.200
       17.000	        6.000	        9.000	        8.000	      -11.000	       59.468	       22.881	       77.800	     1006.000	        0.000	       92.700	      474.800
       17.000	        6.000	        9.000	        9.000	      -10.000	       59.565	       23.019	       77.800	     1006.100	        0.000	      134.600	      635.200
       17.000	        6.000	        9.000	       10.000	       -9.000	       59.654	       23.162	       77.700	     1005.700	        0.000	      207.500	      651.900
       17.000	        6.000	        9.000	       11.000	       -8.000	       59.730	       23.303	       77.700	     1005.600	        0.000	      266.500	      670.500
       17.000	        6.000	        9.000	       12.000	       -7.000	       59.796	       23.444	       77.700	     1005.600	        0.000	      313.600	      691.700
       17.000	        6.000	        9.000	       13.000	       -6.000	       59.861	       23.595	       77.700	     1005.500	        0.000	      335.200	      670.500
       17.000	        6.000	        9.000	       14.000	       -5.000	       59.928	       23.768	       77.700	     1005.500	        0.000	      334.500	      651.200
       17.000	        6.000	        9.000	       15.000	       -4.000	       60.000	       23.971	       77.700	     1005.700	        0.000	      302.700	      632.000
       17.000	        6.000	        9.000	       16.000	       -3.000	       60.068	       24.200	       77.900	     1005.000	        0.000	      246.300	      566.900
       17.000	        6.000	        9.000	       17.000	       -2.000	       60.123	       24.442	       79.800	     1004.400	        0.000	      161.100	      501.100
       17.000	        6.000	        9.000	       18.000	       -1.000	       60.167	       24.694	       87.100	     1002.600	        0.000	       65.100	      435.500
       17.000	        6.000	        9.000	       19.000	        0.000	       60.196	       24.952	      100.000	     1000.900	        0.000	       41.400	      294.100
       17.000	        6.000	        9.000	       20.000	        1.000	       60.211	       25.213	      110.700	      999.400	        0.000	       41.300	      154.900
       17.000	        6.000	        9.000	       21.000	        2.000	       60.217	       25.484	      114.100	      999.200	        0.000	       49.100	       22.200
       17.000	        6.000	        9.000	       22.000	        3.000	       60.212	       25.757	      114.100	      999.800	        0.000	       52.400	       18.100
       17.000	        6.000	        9.000	       23.000	        4.000	       60.191	       26.028	      114.200	     1000.300	        0.000	       55.300	       13.200
       17.000	        6.000	       10.000	        0.000	        5.000	       60.150	       26.305	      114.200	     1001.000	        0.000	       53.200	        8.000
       17.000	        6.000	       10.000	        1.000	        6.000	       60.095	       26.579	      114.200	     1001.800	        0.000	       49.100	       17.500
       17.000	        6.000	       10.000	        2.000	        7.000	       60.035	       26.829	      114.200	     1002.500	        0.000	       41.400	       28.300
       17.000	        6.000	       10.000	        3.000	        8.000	       59.967	       27.038	      114.200	     1002.600	        0.000	       31.500	       39.200
       17.000	        6.000	       10.000	        4.000	        9.000	       59.898	       27.207	      114.200	     1002.300	        0.000	       47.800	       82.000
       17.000	        6.000	       10.000	        5.000	       10.000	       59.836	       27.354	      114.200	     1002.000	        0.000	       82.500	      126.000
       17.000	        6.000	       10.000	        6.000	       11.000	       59.782	       27.484	      114.200	     1001.700	        0.000	      134.300	      170.800
       17.000	        6.000	       10.000	        7.000	       12.000	       59.735	       27.618	      114.500	     1001.400	        0.000	      234.300	      336.100
       17.000	        6.000	       10.000	        8.000	       13.000	       59.693	       27.778	      115.200	     1001.100	        0.000	      359.900	      502.400
       17.000	        6.000	       10.000	        9.000	       14.000	       59.652	       27.966	      115.700	     1000.700	        0.000	      513.500	      669.600
       17.000	        6.000	       10.000	       10.000	       15.000	       59.602	       28.175	      115.800	     1000.300	        0.000	      595.300	      683.900
       17.000	        6.000	       10.000	       11.000	       16.000	       59.536	       28.391	      115.800	      999.900	        0.000	      688.000	      696.300
       17.000	        6.000	       10.000	       12.000	       17.000	       59.450	       28.605	      115.800	      999.200	        0.100	      794.800	      706.300
       17.000	        6.000	       10.000	       13.000	       18.000	       59.345	       28.799	      115.800	      998.300	        0.100	      853.200	      663.900
       17.000	        6.000	       10.000	       14.000	       19.000	       59.228	       28.954	      115.700	      997.300	        0.000	      912.000	      625.600
       17.000	        6.000	       10.000	       15.000	       20.000	       59.101	       29.061	      115.700	      996.400	        0.000	      982.900	      585.600
       17.000	        6.000	       10.000	       16.000	       21.000	       58.975	       29.128	      115.700	      995.500	        0.000	      734.300	      518.800
       17.000	        6.000	       10.000	       17.000	       22.000	       58.857	       29.168	      115.700	      994.900	        0.000	      382.600	      458.300
       17.000	        6.000	       10.000	       18.000	       23.000	       58.751	       29.190	      115.600	      994.500	        0.000	       25.000	      399.700
       17.000	        6.000	       10.000	       19.000	       24.000	       58.657	       29.200	      115.600	      994.300	        0.000	       25.000	      269.800