
       17.000	        6.000	        7.000	       19.000	     -168.000	       79.276	       56.025	        8.800	     1018.300	        0.000	       80.500	      159.200
       17.000	        6.000	        7.000	       20.000	     -167.000	       79.260	       56.046	        7.300	     1018.200	        0.000	       77.300	      128.100
       17.000	        6.000	        7.000	       21.000	     -166.000	       79.245	       56.023	        5.800	     1018.100	        0.000	       76.100	       97.500
       17.000	        6.000	        7.000	       22.000	     -165.000	       79.224	       55.984	        4.300	     1018.100	        0.000	      119.400	       98.900
       17.000	        6.000	        7.000	       23.000	     -164.000	       79.192	       55.959	        2.900	     1018.200	        0.000	      161.700	       99.500
       17.000	        6.000	        8.000	        0.000	     -163.000	       79.150	       55.960	        1.700	     1018.300	        0.000	      204.700	       99.100
       17.000	        6.000	        8.000	        1.000	     -162.000	       79.096	       55.973	        0.800	     1018.300	        0.000	      252.600	      142.300
       17.000	        6.000	        8.000	        2.000	     -161.000	       79.032	       55.982	        0.200	     1018.400	        0.000	      301.000	      185.600
       17.000	        6.000	        8.000	        3.000	     -160.000	       78.956	       55.979	        0.000	     1018.300	        0.000	      333.000	      228.200
       17.000	        6.000	        8.000	        4.000	     -159.000	       78.872	       55.890	        0.000	     1018.100	        0.000	      347.700	      252.800
       17.000	        6.000	        8.000	        5.000	     -158.000	       78.782	       55.659	        0.000	     1017.800	        0.000	      358.200	      273.000
       17.000	        6.000	        8.000	        6.000	     -157.000	       78.688	       55.310	        0.000	     1017.600	        0.000	      359.400	      291.000
       17.000	        6.000	        8.000	        7.000	     -156.000	       78.589	       54.892	        0.000	     1017.600	        0.000	      347.100	      356.200
       17.000	        6.000	        8.000	        8.000	     -155.000	       78.485	       54.453	        0.000	     1018.100	        0.000	      343.100	      418.200
       17.000	        6.000	        8.000	        9.000	     -154.000	       78.372	       53.999	        0.000	     1018.700	        0.000	      341.000	      473.700
       17.000	        6.000	        8.000	       10.000	     -153.000	       78.249	       53.521	        0.000	     1019.200	        0.000	      342.500	      467.400
       17.000	        6.000	        8.000	       11.000	     -152.000	       78.115	       53.001	        0.000	     1020.000	        0.000	      363.600	      465.500
       17.000	        6.000	        8.000	       12.000	     -151.000	       77.968	       52.439	        0.000	     1021.000	        0.000	      381.100	      460.600
       17.000	        6.000	        8.000	       13.000	     -150.000	       77.811	       51.875	        0.000	     1020.500	        0.000	      359.200	      427.900
       17.000	        6.000	        8.000	       14.000	     -149.000	       77.650	       51.338	        0.000	     1020.400	        0.000	      370.900	      409.900
       17.000	        6.000	        8.000	       15.000	     -148.000	       77.483	       50.823	        0.000	     1020.800	        0.000	      383.500	      403.100
       17.000	        6.000	        8.000	       16.000	     -147.000	       77.309	       50.316	        0.000	     1020.900	        0.000	      356.600	      374.100
       17.000	        6.000	        8.000	       17.000	     -146.000	       77.133	       49.790	        0.000	     1021.000	        0.000	      354.300	      342.100
       17.000	        6.000	        8.000	       18.000	     -145.000	       76.958	       49.216	        0.000	     1021.100	        0.000	      358.300	      304.400
       17.000	        6.000	        8.000	       19.000	     -144.000	       76.783	       48.646	        0.000	     1020.900	        0.000	      361.600	      237.300
       17.000	        6.000	        8.000	       20.000	     -143.000	       76.605	       48.133	        0.000	     1020.800	        0.000	      374.100	      181.700
       17.000	        6.000	        8.000	       21.000	     -142.000	       76.426	       47.651	        0.000	     1020.600	        0.000	      407.800	      138.200
       17.000	        6.000	        8.000	       22.000	     -141.000	       76.241	       47.200	        0.000	     1021.000	        0.000	      460.700	      135.800
       17.000	        6.000	        8.000	       23.000	     -140.000	       76.044	       46.775	        0.000	     1021.400	        0.000	      515.100	      135.300
       17.000	        6.000	        9.000	        0.000	     -139.000	       75.837	       46.368	        0.000	     1022.700	        0.000	      550.000	      129.900
       17.000	        6.000	        9.000	        1.000	     -138.000	       75.624	       45.985	        0.000	     1022.900	        0.000	      552.700	      168.200
       17.000	        6.000	        9.000	        2.000	     -137.000	       75.411	       45.615	        0.000	     1022.000	        0.000	      559.900	      207.900
       17.000	        6.000	        9.000	        3.000	     -136.000	       75.198	       45.230	        0.000	     1021.100	        0.000	      571.700	      251.500
       17.000	        6.000	        9.000	        4.000	     -135.000	       74.980	       44.836	        0.000	     1021.900	        0.000	      605.400	      279.700
       17.000	        6.000	        9.000	        5.000	     -134.000	       74.751	       44.456	        0.000	     1023.300	        0.000	      633.000	      308.000
       17.000	        6.000	        9.000	        6.000	     -133.000	       74.521	       44.081	        0.000	     1024.000	        0.000	      648.000	      336.300
       17.000	        6.000	        9.000	        7.000	     -132.000	       74.297	       43.705	        0.000	     1023.900	        0.000	      663.800	      378.300
       17.000	        6.000	        9.000	        8.000	     -131.000	       74.087	       43.332	        0.000	     1023.800	        0.000	      678.700	      415.000
       17.000	        6.000	        9.000	        9.000	     -130.000	       73.888	       42.955	        0.000	     1023.700	        0.000	      682.300	      463.200
       17.000	        6.000	        9.000	       10.000	     -129.000	       73.697	       42.599	        0.000	     1023.500	        0.000	      650.900	      458.300
       17.000	        6.000	        9.000	       11.000	     -128.000	       73.510	       42.287	        0.000	     1023.300	        0.000	      628.000	      452.000
       17.000	        6.000	        9.000	       12.000	     -127.000	       73.329	       42.007	        0.000	     1023.100	        0.000	      605.400	      442.800
       17.000	        6.000	        9.000	       13.000	     -126.000	       73.151	       41.734	        0.000	     1023.100	        0.000	      612.700	      403.300
       17.000	        6.000	        9.000	       14.000	     -125.000	       72.972	       41.448	        0.000	     1023.100	        0.000	      621.200	      356.600
       17.000	        6.000	        9.000	       15.000	     -124.000	       72.795	       41.149	        0.000	     1023.200	        0.000	      630.000	      310.100
       17.000	        6.000	        9.000	       16.000	     -123.000	       72.624	       40.843	        0.000	     1023.100	        0.000	      627.100	      290.700
       17.000	        6.000	        9.000	       17.000	     -122.000	       72.464	       40.538	        0.000	     1023.100	        0.000	      625.500	      267.800
       17.000	        6.000	        9.000	       18.000	     -121.000	       72.314	       40.238	        0.000	     1023.000	        0.000	      620.200	      237.800
       17.000	        6.000	        9.000	       19.000	     -120.000	       72.170	       39.951	        0.000	     1023.100	        0.000	      615.700	      173.600
       17.000	        6.000	        9.000	       20.000	     -119.000	       72.027	       39.683	        0.000	     1023.200	        0.000	      607.600	      108.200
       17.000	        6.000	        9.000	       21.000	     -118.000	       71.883	       39.430	        0.000	     1023.300	        0.000	      608.100	       40.000
       17.000	        6.000	        9.000	       22.000	     -117.000	       71.744	       39.197	        0.000	     1022.800	        0.000	      620.500	       39.300
       17.000	        6.000	        9.000	       23.000	     -116.000	       71.607	       38.994	        0.000	     1022.300	        0.000	      620.000	       37.900
       17.000	        6.000	       10.000	        0.000	     -115.000	       71.473	       38.824	        0.000	     1021.600	        0.000	      610.600	       35.800
       17.000	        6.000	       10.000	        1.000	     -114.000	       71.341	       38.678	        0.000	     1021.000	        0.000	      621.300	       49.300
       17.000	        6.000	       10.000	        2.000	     -113.000	       71.210	       38.542	        0.000	     1020.400	        0.000	      625.300	       62.600
       17.000	        6.000	       10.000	        3.000	     -112.000	       71.079	       38.416	        0.000	     1019.800	        0.000	      623.200	       75.700
       17.000	        6.000	       10.000	        4.000	     -111.000	       70.949	       38.306	        0.000	     1019.900	        0.000	      599.700	       93.300
       17.000	        6.000	       10.000	        5.000	     -110.000	       70.824	       38.222	        0.000	     1020.000	        0.000	      572.300	      112.000
       17.000	        6.000	       10.000	        6.000	     -109.000	       70.705	       38.163	        0.000	     1020.100	        0.000	      539.000	      131.700
       17.000	        6.000	       10.000	        7.000	     -108.000	       70.587	       38.125	        0.000	     1020.200	        0.000	      561.800	      190.200
       17.000	        6.000	       10.000	        8.000	     -107.000	       70.467	       38.102	        0.000	     1020.300	        0.000	      580.400	      250.900
       17.000	        6.000	       10.000	        9.000	     -106.000	       70.343	       38.093	        0.000	     1020.400	        0.000	      594.700	      313.900
       17.000	        6.000	       10.000	       10.000	     -105.000	       70.217	       38.097	        0.000	     1019.300	        0.000	      592.000	      325.000
       17.000	        6.000	       10.000	       11.000	     -104.000	       70.089	       38.118	        0.000	     1018.300	        0.000	      586.200	      336.700
       17.000	        6.000	       10.000	       12.000	     -103.000	       69.961	       38.159	        0.000	     1017.200	        0.000	      582.500	      353.700
       17.000	        6.000	       10.000	       13.000	     -102.000	       69.830	       38.212	        0.000	     1017.300	        0.000	      618.300	      334.700
       17.000	        6.000	       10.000	       14.000	     -101.000	       69.691	       38.263	        0.000	     1017.500	        0.000	      648.300	      314.400
       17.000	        6.000	       10.000	       15.000	     -100.000	       69.547	       38.315	        0.000	     1017.700	        0.000	      674.400	      293.400
       17.000	        6.000	       10.000	       16.000	      -99.000	       69.399	       38.367	        0.000	     1017.500	        0.000	      682.800	      275.100
       17.000	        6.000	       10.000	       17.000	      -98.000	       69.251	       38.417	        0.000	     1017.300	        0.000	      675.400	      250.600
       17.000	        6.000	       10.000	       18.000	      -97.000	       69.101	       38.481	        0.000	     1016.800	        0.000	      651.700	      220.000
       17.000	        6.000	       10.000	       19.000	      -96.000	       68.944	       38.556	        0.000	     1014.500	        0.000	      659.800	      156.500
       17.000	        6.000	       10.000	       20.000	      -95.000	       68.780	       38.624	        0.000	     1009.600	        0.000	      615.100	       91.200
       17.000	        6.000	       10.000	       21.000	      -94.000	       68.615	       38.681	        0.000	     1005.000	        0.000	      522.600	       28.100
       17.000	        6.000	       10.000	       22.000	      -93.000	       68.452	       38.724	        0.000	     1000.500	        0.000	      507.900	       26.500
       17.000	        6.000	       10.000	       23.000	      -92.000	       68.291	       38.761	        0.000	      995.800	        0.000	      537.300	       24.800
       17.000	        6.000	       11.000	        0.000	      -91.000	       68.133	       38.809	        0.000	      990.800	        0.000	      613.300	       22.900
       17.000	        6.000	       11.000	        1.000	      -90.000	       67.974	       38.861	        0.000	      987.200	        0.000	      606.600	       36.300
       17.000	        6.000	       11.000	        2.000	      -89.000	       67.815	       38.889	        0.000	      987.400	        0.000	      617.300	       55.500
       17.000	        6.000	       11.000	        3.000	      -88.000	       67.654	       38.884	        0.000	      987.500	        0.000	      658.300	       83.700
       17.000	        6.000	       11.000	        4.000	      -87.000	       67.496	       38.857	        0.000	      987.600	        0.000	      659.900	      110.300
       17.000	        6.000	       11.000	        5.000	      -86.000	       67.348	       38.826	        0.000	      987.900	        0.000	      670.800	      134.100
       17.000	        6.000	       11.000	        6.000	      -85.000	       67.209	       38.795	        3.700	      988.100	        0.000	      691.800	      154.700
       17.000	        6.000	       11.000	        7.000	      -84.000	       67.078	       38.764	       15.000	      988.500	        0.000	      718.700	      187.700
       17.000	        6.000	       11.000	        8.000	      -83.000	       66.956	       38.731	       29.500	      987.100	        0.000	      742.000	      216.400
       17.000	        6.000	       11.000	        9.000	      -82.000	       66.837	       38.690	       51.300	      987.400	        0.000	      758.000	      267.400
       17.000	        6.000	       11.000	       10.000	      -81.000	       66.722	       38.659	       69.400	      987.400	        0.000	      710.800	      291.400
       17.000	        6.000	       11.000	       11.000	      -80.000	       66.616	       38.661	       77.300	      988.700	        0.000	      651.000	      310.800
       17.000	        6.000	       11.000	       12.000	      -79.000	       66.521	       38.704	       78.900	      990.300	        0.000	      583.000	      324.100
       17.000	        6.000	       11.000	       13.000	      -78.000	       66.432	       38.757	       79.000	      992.200	        0.000	      509.300	      295.700
       17.000	        6.000	       11.000	       14.000	      -77.000	       66.337	       38.786	       79.000	      994.300	        0.000	      405.500	      262.100
       17.000	        6.000	       11.000	       15.000	      -76.000	       66.235	       38.793	       79.100	      996.500	        0.000	      268.300	      223.200
       17.000	        6.000	       11.000	       16.000	      -75.000	       66.134	       38.766	       79.200	      998.400	        0.000	      173.000	      208.900
       17.000	        6.000	       11.000	       17.000	      -74.000	       66.040	       38.689	       79.200	     1000.000	        0.000	      116.600	      193.600
       17.000	        6.000	       11.000	       18.000	      -73.000	       65.947	       38.555	       79.300	     1000.400	        0.000	      136.700	      184.700
       17.000	        6.000	       11.000	       19.000	      -72.000	       65.848	       38.368	       79.300	     1000.300	        0.000	      249.400	      145.700
       17.000	        6.000	       11.000	       20.000	      -71.000	       65.740	       38.147	       79.300	     1000.000	        0.000	      366.100	       93.100
       17.000	        6.000	       11.000	       21.000	      -70.000	       65.627	       37.898	       77.400	      999.300	        0.000	      453.300	       23.000
       17.000	        6.000	       11.000	       22.000	      -69.000	       65.528	       37.630	       68.100	      999.200	        0.000	      379.000	       16.600
       17.000	        6.000	       11.000	       23.000	      -68.000	       65.458	       37.362	       49.500	      999.900	        0.000	      295.300	       11.800
       17.000	        6.000	       12.000	        0.000	      -67.000	       65.409	       37.112	       28.000	     1000.100	        0.000	      213.700	        8.000
       17.000	        6.000	       12.000	        1.000	      -66.000	       65.377	       36.880	       13.400	     1001.800	        0.000	      261.000	       37.500
       17.000	        6.000	       12.000	        2.000	      -65.000	       65.356	       36.643	        6.500	     1003.800	        0.000	      288.800	       64.500
       17.000	        6.000	       12.000	        3.000	      -64.000	       65.342	       36.386	        2.200	     1005.700	        0.000	      267.100	       88.500
       17.000	        6.000	       12.000	        4.000	      -63.000	       65.329	       36.126	        0.300	     1006.600	        0.000	      186.900	      123.800
       17.000	        6.000	       12.000	        5.000	      -62.000	       65.313	       35.883	        0.000	     1006.400	        0.000	      122.000	      162.400
       17.000	        6.000	       12.000	        6.000	      -61.000	       65.298	       35.653	        0.000	     1005.200	        0.000	      112.400	      208.900
       17.000	        6.000	       12.000	        7.000	      -60.000	       65.282	       35.416	        0.000	     1005.200	        0.000	      107.200	      360.200
       17.000	        6.000	       12.000	        8.000	      -59.000	       65.264	       35.153	        0.000	     1005.200	        0.000	       99.800	      511.900
       17.000	        6.000	       12.000	        9.000	      -58.000	       65.244	       34.861	        0.000	     1004.000	        0.000	      205.000	      657.400
       17.000	        6.000	       12.000	       10.000	      -57.000	       65.230	       34.553	        0.000	     1000.500	        0.000	      474.500	      663.600
       17.000	        6.000	       12.000	       11.000	      -56.000	       65.225	       34.246	        0.000	      996.900	        0.000	      781.000	      665.300
       17.000	        6.000	       12.000	       12.000	      -55.000	       65.234	       33.949	        0.200	      993.700	        0.000	     1073.700	      662.600
       17.000	        6.000	       12.000	       13.000	      -54.000	       65.246	       33.659	        3.800	      992.200	        0.000	     1032.400	      603.100
       17.000	        6.000	       12.000	       14.000	      -53.000	       65.255	       33.363	        6.000	      990.800	        0.000	      991.200	      534.800
       17.000	        6.000	       12.000	       15.000	      -52.000	       65.260	       33.052	        6.900	      989.700	        0.000	      953.200	      457.200
       17.000	        6.000	       12.000	       16.000	      -51.000	       65.264	       32.738	        7.000	      987.500	        0.000	      840.700	      396.700
       17.000	        6.000	       12.000	       17.000	      -50.000	       65.269	       32.432	        7.000	      985.800	        0.000	      699.200	      342.500
       17.000	        6.000	       12.000	       18.000	      -49.000	       65.273	       32.127	        7.000	      984.700	        0.000	      529.000	      295.500
       17.000	        6.000	       12.000	       19.000	      -48.000	       65.275	       31.823	        7.000	      983.900	        0.000	      443.700	      209.500
       17.000	        6.000	       12.000	       20.000	      -47.000	       65.275	       31.521	        7.000	      983.300	        0.000	      352.200	      126.900
       17.000	        6.000	       12.000	       21.000	      -46.000	       65.273	       31.216	        7.000	      982.600	        0.000	      273.400	       33.700
       17.000	        6.000	       12.000	       22.000	      -45.000	       65.269	       30.913	        7.200	      981.100	        0.000	      262.100	       29.200
       17.000	        6.000	       12.000	       23.000	      -44.000	       65.260	       30.629	        8.400	      977.700	        0.000	      253.200	       24.100
       17.000	        6.000	       13.000	        0.000	      -43.000	       65.243	       30.367	       10.600	      974.800	        0.000	      243.300	       17.900
       17.000	        6.000	       13.000	        1.000	      -42.000	       65.217	       30.107	       14.600	      972.400	        0.000	      304.000	       42.800
       17.000	        6.000	       13.000	        2.000	      -41.000	       65.177	       29.823	       21.100	      970.500	        0.000	      366.700	       66.400
       17.000	        6.000	       13.000	        3.000	      -40.000	       65.122	       29.503	       29.000	      969.400	        0.000	      437.600	       89.900
       17.000	        6.000	       13.000	        4.000	      -39.000	       65.054	       29.144	       34.200	      968.200	        0.000	      715.900	      137.000
       17.000	        6.000	       13.000	        5.000	      -38.000	       64.977	       28.758	       35.600	      968.000	        0.000	      978.700	      181.000
       17.000	        6.000	       13.000	        6.000	      -37.000	       64.893	       28.364	       35.600	      967.600	        0.000	     1202.800	      221.300
       17.000	        6.000	       13.000	        7.000	      -36.000	       64.799	       27.980	       35.600	      968.200	        0.000	     1359.200	      365.800
       17.000	        6.000	       13.000	        8.000	      -35.000	       64.690	       27.609	       35.700	      971.700	        0.000	     1519.600	      513.600
       17.000	        6.000	       13.000	        9.000	      -34.000	       64.562	       27.245	       35.700	      974.400	        0.000	     1656.900	      667.500
       17.000	        6.000	       13.000	       10.000	      -33.000	       64.418	       26.907	       35.700	      975.900	        0.000	     1772.700	      682.100
       17.000	        6.000	       13.000	       11.000	      -32.000	       64.269	       26.619	       35.700	      976.700	        0.000	     1919.300	      689.100
       17.000	        6.000	       13.000	       12.000	      -31.000	       64.120	       26.375	       35.700	      977.200	        0.000	     2108.900	      706.400
       17.000	        6.000	       13.000	       13.000	      -30.000	       63.968	       26.146	       35.700	      978.600	        0.000	     2147.400	      676.900
       17.000	        6.000	       13.000	       14.000	      -29.000	       63.810	       25.915	       35.800	      980.200	        0.000	     2185.400	      631.600
       17.000	        6.000	       13.000	       15.000	      -28.000	       63.644	       25.693	       35.800	      980.700	        0.000	     2196.600	      625.700
       17.000	        6.000	       13.000	       16.000	      -27.000	       63.482	       25.494	       37.600	      979.500	        0.000	     1658.800	      571.600
       17.000	        6.000	       13.000	       17.000	      -26.000	       63.338	       25.322	       41.700	      978.100	        0.000	     1133.000	      519.200
       17.000	        6.000	       13.000	       18.000	      -25.000	       63.217	       25.170	       46.900	      976.500	        0.000	      569.700	      467.300
       17.000	        6.000	       13.000	       19.000	      -24.000	       63.110	       25.046	       52.200	      975.200	        0.000	      353.500	      324.500
       17.000	        6.000	       13.000	       20.000	      -23.000	       63.005	       24.964	       56.300	      974.200	        0.000	      197.200	      178.300
       17.000	        6.000	       13.000	       21.000	      -22.000	       62.893	       24.922	       59.500	      974.900	        0.000	       85.700	       31.400
       17.000	        6.000	       13.000	       22.000	      -21.000	       62.772	       24.889	       61.900	      975.400	        0.000	       93.600	       26.000
       17.000	        6.000	       13.000	       23.000	      -20.000	       62.644	       24.847	       63.600	      976.100	        0.000	       89.600	       20.500
       17.000	        6.000	       14.000	        0.000	      -19.000	       62.520	       24.818	       64.200	      976.900	        0.000	       74.300	       15.200
       17.000	        6.000	       14.000	        1.000	      -18.000	       62.403	       24.799	       64.200	      977.600	        0.000	       96.100	       26.800
       17.000	        6.000	       14.000	        2.000	      -17.000	       62.291	       24.779	       64.200	      978.300	        0.000	      115.400	       37.500
       17.000	        6.000	       14.000	        3.000	      -16.000	       62.179	       24.758	       64.200	      978.800	        0.000	      132.700	       47.500
       17.000	        6.000	       14.000	        4.000	      -15.000	       62.065	       24.735	       64.200	      980.000	        0.000	      430.200	       94.300
       17.000	        6.000	       14.000	        5.000	      -14.000	       61.947	       24.704	       64.200	      981.100	        0.000	      715.000	      141.000
       17.000	        6.000	       14.000	        6.000	      -13.000	       61.824	       24.663	       64.200	      981.700	        0.000	      971.900	      187.400
       17.000	        6.000	       14.000	        7.000	      -12.000	       61.693	       24.623	       64.200	      981.700	        0.000	     1136.100	      345.600
       17.000	        6.000	       14.000	        8.000	      -11.000	       61.550	       24.593	       64.200	      981.500	        0.000	     1345.800	      505.300
       17.000	        6.000	       14.000	        9.000	      -10.000	       61.393	       24.569	       64.200	      981.400	        0.000	     1605.500	      666.800
       17.000	        6.000	       14.000	       10.000	       -9.000	       61.229	       24.554	       64.200	      981.300	        0.000	     1757.200	      689.100
       17.000	        6.000	       14.000	       11.000	       -8.000	       61.065	       24.550	       64.200	      981.400	        0.000	     1907.800	      712.700
       17.000	        6.000	       14.000	       12.000	       -7.000	       60.910	       24.559	       64.500	      983.000	        0.000	     1901.300	      735.600
       17.000	        6.000	       14.000	       13.000	       -6.000	       60.770	       24.584	       65.300	      985.600	        0.000	     1676.300	      667.100
       17.000	        6.000	       14.000	       14.000	       -5.000	       60.647	       24.626	       66.300	      987.800	        0.000	     1462.300	      605.600
       17.000	        6.000	       14.000	       15.000	       -4.000	       60.539	       24.684	       66.700	      990.300	        0.000	     1251.100	      548.700
       17.000	        6.000	       14.000	       16.000	       -3.000	       60.446	       24.751	       69.100	      991.700	        0.000	      715.300	      494.200
       17.000	        6.000	       14.000	       17.000	       -2.000	       60.365	       24.818	       76.200	      992.300	        0.000	      308.000	      436.400
       17.000	        6.000	       14.000	       18.000	       -1.000	       60.282	       24.878	       87.600	      992.000	        0.000	       25.000	      377.900
       17.000	        6.000	       14.000	       19.000	        0.000	       60.196	       24.952	      100.000	      992.500	        0.000	       27.900	      260.800
       17.000	        6.000	       14.000	       20.000	        1.000	       60.117	       25.065	      109.100	      993.000	        0.000	       29.700	      142.600
       17.000	        6.000	       14.000	       21.000	        2.000	       60.042	       25.215	      115.400	      993.900	        0.000	       32.000	       23.500
       17.000	        6.000	       14.000	       22.000	        3.000	       59.955	       25.356	      120.300	      993.900	        0.000	       30.300	       18.700
       17.000	        6.000	       14.000	       23.000	        4.000	       59.852	       25.458	      123.600	      992.700	        0.000	       28.200	       13.300
       17.000	        6.000	       15.000	        0.000	        5.000	       59.740	       25.533	      124.700	      991.700	        0.000	       25.000	        8.000
       17.000	        6.000	       15.000	        1.000	        6.000	       59.625	       25.591	      124.700	      990.900	        0.000	       37.000	       17.000
       17.000	        6.000	       15.000	        2.000	        7.000	       59.511	       25.637	      124.600	      990.000	        0.000	       53.800	       25.700
       17.000	        6.000	       15.000	        3.000	        8.000	       59.399	       25.677	      124.600	      989.100	        0.000	       75.500	       34.200
       17.000	        6.000	       15.000	        4.000	        9.000	       59.292	       25.708	      124.500	      988.200	        0.000	      364.900	       81.700
       17.000	        6.000	       15.000	        5.000	       10.000	       59.193	       25.723	      124.500	      987.400	        0.000	      740.500	      129.100
       17.000	        6.000	       15.000	        6.000	       11.000	       59.096	       25.717	      124.400	      986.600	        0.000	     1186.700	      176.600
       17.000	        6.000	       15.000	        7.000	       12.000	       58.992	       25.706	      124.400	      986.000	        0.000	     1534.000	      344.000
       17.000	        6.000	       15.000	        8.000	       13.000	       58.877	       25.703	      124.400	      986.400	        0.000	     1731.800	      512.400
       17.000	        6.000	       15.000	        9.000	       14.000	       58.757	       25.704	      124.400	      986.800	        0.000	     1987.300	      681.400
       17.000	        6.000	       15.000	       10.000	       15.000	       58.630	       25.715	      126.700	      987.100	        0.000	     2014.900	      704.600
       17.000	        6.000	       15.000	       11.000	       16.000	       58.497	       25.741	      133.500	      986.700	        0.000	     2073.200	      726.900
       17.000	        6.000	       15.000	       12.000	       17.000	       58.356	       25.785	      143.900	      985.800	        0.000	     2165.200	      748.700
       17.000	        6.000	       15.000	       13.000	       18.000	       58.213	       25.848	      161.800	      983.900	        0.000	     2157.300	      695.000
       17.000	        6.000	       15.000	       14.000	       19.000	       58.070	       25.930	      199.400	      980.000	        0.000	     2218.000	      630.700
       17.000	        6.000	       15.000	       15.000	       20.000	       57.921	       26.023	      273.700	      971.500	        0.000	     2264.400	      565.400
       17.000	        6.000	       15.000	       16.000	       21.000	       57.768	       26.098	      371.500	      956.000	        0.000	     1473.800	      514.400
       17.000	        6.000	       15.000	       17.000	       22.000	       57.616	       26.154	      479.300	      943.200	        0.000	      757.600	      462.600
       17.000	        6.000	       15.000	       18.000	       23.000	       57.453	       26.219	      599.500	      928.000	        0.000	       81.800	      411.900
       17.000	        6.000	       15.000	       19.000	       24.000	       57.273	       26.300	      696.700	      912.900	        0.000	       76.800	      284.600