
       17.000	       11.000	       30.000	       16.000	     -168.000	       79.700	      -15.819	     1518.900	      825.800	        0.000	      312.200	        0.000
       17.000	       11.000	       30.000	       17.000	     -167.000	       79.558	      -16.462	     1497.400	      829.400	        0.000	      295.200	        0.000
       17.000	       11.000	       30.000	       18.000	     -166.000	       79.412	      -17.097	     1492.700	      825.400	        0.000	      252.700	        0.000
       17.000	       11.000	       30.000	       19.000	     -165.000	       79.263	      -17.649	     1488.500	      821.200	        0.000	      146.200	        0.000
       17.000	       11.000	       30.000	       20.000	     -164.000	       79.105	      -18.082	     1450.200	      828.400	        0.000	       86.100	        0.000
       17.000	       11.000	       30.000	       21.000	     -163.000	       78.942	      -18.441	     1398.300	      837.200	        0.000	       90.900	        0.000
       17.000	       11.000	       30.000	       22.000	     -162.000	       78.778	      -18.745	     1361.600	      842.900	        0.000	       82.800	        0.000
       17.000	       11.000	       30.000	       23.000	     -161.000	       78.619	      -19.003	     1334.400	      847.100	        0.000	       68.900	        0.000
       17.000	       12.000	        1.000	        0.000	     -160.000	       78.472	      -19.200	     1313.800	      848.500	        0.000	       57.800	        0.000
       17.000	       12.000	        1.000	        1.000	     -159.000	       78.332	      -19.332	     1297.800	      850.200	        0.000	       46.400	        0.000
       17.000	       12.000	        1.000	        2.000	     -158.000	       78.190	      -19.405	     1283.700	      852.000	        0.000	       38.300	        0.000
       17.000	       12.000	        1.000	        3.000	     -157.000	       78.043	      -19.428	     1273.600	      853.500	        0.000	       32.600	        0.000
       17.000	       12.000	        1.000	        4.000	     -156.000	       77.888	      -19.442	     1267.300	      853.500	        0.000	       32.300	        0.000
       17.000	       12.000	        1.000	        5.000	     -155.000	       77.724	      -19.471	     1266.800	      852.300	        0.000	       31.500	        0.000
       17.000	       12.000	        1.000	        6.000	     -154.000	       77.551	      -19.502	     1274.600	      848.300	        0.000	       29.600	        0.000
       17.000	       12.000	        1.000	        7.000	     -153.000	       77.378	      -19.480	     1283.000	      845.600	        0.000	       27.900	        0.000
       17.000	       12.000	        1.000	        8.000	     -152.000	       77.216	      -19.387	     1274.700	      846.000	        0.000	       26.800	        0.000
       17.000	       12.000	        1.000	        9.000	     -151.000	       77.069	      -19.256	     1240.800	      852.100	        0.000	       25.600	        0.000
       17.000	       12.000	        1.000	       10.000	     -150.000	       76.942	      -19.137	     1184.800	      860.400	        0.000	       25.400	        0.000
       17.000	       12.000	        1.000	       11.000	     -149.000	       76.838	      -19.055	     1117.500	      869.600	        0.000	       25.600	        0.000
       17.000	       12.000	        1.000	       12.000	     -148.000	       76.755	      -19.015	     1040.000	      878.100	        0.000	       25.000	        0.000
       17.000	       12.000	        1.000	       13.000	     -147.000	       76.690	      -18.988	      954.000	      888.600	        0.000	       27.800	        0.000
       17.000	       12.000	        1.000	       14.000	     -146.000	       76.642	      -18.946	      854.700	      901.200	        0.000	       30.600	        0.000
       17.000	       12.000	        1.000	       15.000	     -145.000	       76.604	      -18.882	      752.600	      913.900	        0.000	       33.000	        0.000
       17.000	       12.000	        1.000	       16.000	     -144.000	       76.573	      -18.808	      665.900	      923.600	        0.000	       30.300	        0.000
       17.000	       12.000	        1.000	       17.000	     -143.000	       76.551	      -18.750	      598.000	      931.000	        0.000	       27.700	        0.000
       17.000	       12.000	        1.000	       18.000	     -142.000	       76.541	      -18.716	      541.100	      936.900	        0.000	       25.000	        0.000
       17.000	       12.000	        1.000	       19.000	     -141.000	       76.534	      -18.695	      487.800	      943.500	        0.000	       25.000	        0.000
       17.000	       12.000	        1.000	       20.000	     -140.000	       76.521	      -18.676	      435.700	      950.300	        0.000	       25.000	        0.000
       17.000	       12.000	        1.000	       21.000	     -139.000	       76.504	      -18.663	      385.300	      955.900	        0.000	       25.000	        0.000
       17.000	       12.000	        1.000	       22.000	     -138.000	       76.485	      -18.653	      335.100	      962.000	        0.000	       25.000	        0.000
       17.000	       12.000	        1.000	       23.000	     -137.000	       76.462	      -18.640	      283.300	      968.700	        0.000	       25.000	        0.000
       17.000	       12.000	        2.000	        0.000	     -136.000	       76.436	      -18.613	      230.500	      975.200	        0.000	       25.000	        0.000
       17.000	       12.000	        2.000	        1.000	     -135.000	       76.399	      -18.583	      180.400	      981.300	        0.000	       25.000	        0.000
       17.000	       12.000	        2.000	        2.000	     -134.000	       76.347	      -18.567	      132.800	      987.600	        0.000	       25.000	        0.000
       17.000	       12.000	        2.000	        3.000	     -133.000	       76.279	      -18.569	       85.100	      994.500	        0.000	       25.000	        0.000
       17.000	       12.000	        2.000	        4.000	     -132.000	       76.202	      -18.570	       41.600	     1000.300	        0.000	       27.000	        0.000
       17.000	       12.000	        2.000	        5.000	     -131.000	       76.120	      -18.541	       17.700	     1002.800	        0.000	       29.200	        0.000
       17.000	       12.000	        2.000	        6.000	     -130.000	       76.032	      -18.467	        8.800	     1003.300	        0.000	       32.400	        0.000
       17.000	       12.000	        2.000	        7.000	     -129.000	       75.934	      -18.360	        5.500	     1004.400	        0.000	       51.200	        0.000
       17.000	       12.000	        2.000	        8.000	     -128.000	       75.820	      -18.245	        5.300	     1005.400	        0.000	       71.800	        0.000
       17.000	       12.000	        2.000	        9.000	     -127.000	       75.688	      -18.124	        7.100	     1006.500	        0.000	       93.500	        0.000
       17.000	       12.000	        2.000	       10.000	     -126.000	       75.541	      -17.986	        9.800	     1006.200	        0.000	      121.100	        0.000
       17.000	       12.000	        2.000	       11.000	     -125.000	       75.379	      -17.826	       12.300	     1005.500	        0.000	      153.800	        0.000
       17.000	       12.000	        2.000	       12.000	     -124.000	       75.197	      -17.664	       13.800	     1005.200	        0.000	      191.300	        0.000
       17.000	       12.000	        2.000	       13.000	     -123.000	       75.003	      -17.539	       14.300	     1006.300	        0.000	      197.900	        0.000
       17.000	       12.000	        2.000	       14.000	     -122.000	       74.805	      -17.457	       14.300	     1007.100	        0.000	      234.600	        0.000
       17.000	       12.000	        2.000	       15.000	     -121.000	       74.604	      -17.394	       14.300	     1007.600	        0.000	      273.200	        0.000
       17.000	       12.000	        2.000	       16.000	     -120.000	       74.398	      -17.325	       14.000	     1007.600	        0.000	      298.100	        0.000
       17.000	       12.000	        2.000	       17.000	     -119.000	       74.187	      -17.230	       13.400	     1007.900	        0.000	      318.900	        0.000
       17.000	       12.000	        2.000	       18.000	     -118.000	       73.970	      -17.103	       13.200	     1008.500	        0.000	      339.500	        0.000
       17.000	       12.000	        2.000	       19.000	     -117.000	       73.745	      -16.955	       13.200	     1008.500	        0.000	      421.100	        0.000
       17.000	       12.000	        2.000	       20.000	     -116.000	       73.514	      -16.801	       13.200	     1008.600	        0.000	      514.600	        0.000
       17.000	       12.000	        2.000	       21.000	     -115.000	       73.275	      -16.638	       13.200	     1008.500	        0.000	      623.700	        0.000
       17.000	       12.000	        2.000	       22.000	     -114.000	       73.026	      -16.452	       12.500	     1009.800	        0.000	      715.700	        0.000
       17.000	       12.000	        2.000	       23.000	     -113.000	       72.767	      -16.231	       10.600	     1011.300	        0.000	      781.700	        0.000
       17.000	       12.000	        3.000	        0.000	     -112.000	       72.498	      -15.968	        7.900	     1012.500	        0.000	      851.200	        0.000
       17.000	       12.000	        3.000	        1.000	     -111.000	       72.226	      -15.672	        5.400	     1011.800	        0.000	      913.000	        0.000
       17.000	       12.000	        3.000	        2.000	     -110.000	       71.949	      -15.361	        3.800	     1011.800	        0.000	     1000.500	        0.000
       17.000	       12.000	        3.000	        3.000	     -109.000	       71.665	      -15.044	        3.300	     1012.500	        0.000	     1061.300	        0.000
       17.000	       12.000	        3.000	        4.000	     -108.000	       71.397	      -14.721	        3.300	     1012.300	        0.000	     1077.600	        0.000
       17.000	       12.000	        3.000	        5.000	     -107.000	       71.152	      -14.376	        3.300	     1012.200	        0.000	     1133.100	        0.000
       17.000	       12.000	        3.000	        6.000	     -106.000	       70.912	      -14.004	        3.300	     1012.100	        0.000	     1181.100	        0.000
       17.000	       12.000	        3.000	        7.000	     -105.000	       70.680	      -13.619	        3.300	     1012.100	        0.000	     1165.700	        0.000
       17.000	       12.000	        3.000	        8.000	     -104.000	       70.460	      -13.234	        3.300	     1012.100	        0.000	     1166.500	        0.000
       17.000	       12.000	        3.000	        9.000	     -103.000	       70.246	      -12.849	        3.300	     1012.200	        0.000	     1180.400	        0.000
       17.000	       12.000	        3.000	       10.000	     -102.000	       70.036	      -12.424	        3.300	     1012.200	        0.000	     1169.500	        0.000
       17.000	       12.000	        3.000	       11.000	     -101.000	       69.822	      -11.928	        3.300	     1012.500	        0.000	     1148.200	        0.000
       17.000	       12.000	        3.000	       12.000	     -100.000	       69.600	      -11.373	        3.300	     1012.600	        0.000	     1113.000	        0.000
       17.000	       12.000	        3.000	       13.000	      -99.000	       69.377	      -10.782	        3.300	     1012.100	        0.000	     1177.300	        0.000
       17.000	       12.000	        3.000	       14.000	      -98.000	       69.158	      -10.181	        3.300	     1012.100	        0.000	     1277.300	        0.000
       17.000	       12.000	        3.000	       15.000	      -97.000	       68.935	       -9.580	        3.300	     1012.300	        0.000	     1371.900	        0.000
       17.000	       12.000	        3.000	       16.000	      -96.000	       68.715	       -8.970	        3.300	     1012.500	        0.000	     1326.700	        0.000
       17.000	       12.000	        3.000	       17.000	      -95.000	       68.505	       -8.349	        3.300	     1012.700	        0.000	     1302.000	        0.000
       17.000	       12.000	        3.000	       18.000	      -94.000	       68.294	       -7.736	        3.300	     1012.300	        0.000	     1295.600	        0.000
       17.000	       12.000	        3.000	       19.000	      -93.000	       68.083	       -7.128	        3.300	     1012.500	        0.000	     1341.700	        0.000
       17.000	       12.000	        3.000	       20.000	      -92.000	       67.877	       -6.518	        3.300	     1012.700	        0.000	     1391.200	        0.000
       17.000	       12.000	        3.000	       21.000	      -91.000	       67.674	       -5.916	        3.300	     1013.400	        0.000	     1420.900	        0.000
       17.000	       12.000	        3.000	       22.000	      -90.000	       67.477	       -5.318	        3.300	     1013.000	        0.000	     1406.900	        0.000
       17.000	       12.000	        3.000	       23.000	      -89.000	       67.285	       -4.712	        3.300	     1012.500	        0.000	     1410.300	        0.000
       17.000	       12.000	        4.000	        0.000	      -88.000	       67.096	       -4.104	        3.300	     1012.500	        0.300	     1443.500	        0.000
       17.000	       12.000	        4.000	        1.000	      -87.000	       66.906	       -3.495	        3.300	     1012.800	        0.200	     1470.300	        0.000
       17.000	       12.000	        4.000	        2.000	      -86.000	       66.718	       -2.880	        3.300	     1012.700	        0.200	     1474.500	        0.000
       17.000	       12.000	        4.000	        3.000	      -85.000	       66.532	       -2.259	        3.300	     1012.700	        0.200	     1448.600	        0.000
       17.000	       12.000	        4.000	        4.000	      -84.000	       66.350	       -1.630	        3.300	     1012.700	        0.200	     1460.300	        0.000
       17.000	       12.000	        4.000	        5.000	      -83.000	       66.176	       -0.990	        3.300	     1012.800	        0.200	     1476.000	        0.000
       17.000	       12.000	        4.000	        6.000	      -82.000	       66.007	       -0.352	        3.200	     1012.900	        0.300	     1473.500	        2.600
       17.000	       12.000	        4.000	        7.000	      -81.000	       65.844	        0.270	        3.000	     1013.000	        0.300	     1444.500	        2.900
       17.000	       12.000	        4.000	        8.000	      -80.000	       65.685	        0.867	        3.000	     1013.000	        0.200	     1425.200	        0.500
       17.000	       12.000	        4.000	        9.000	      -79.000	       65.534	        1.436	        3.000	     1013.100	        0.200	     1399.700	        0.000
       17.000	       12.000	        4.000	       10.000	      -78.000	       65.390	        1.981	        3.000	     1013.100	        0.000	     1375.900	        0.000
       17.000	       12.000	        4.000	       11.000	      -77.000	       65.250	        2.516	        3.000	     1013.100	        0.100	     1343.300	        0.000
       17.000	       12.000	        4.000	       12.000	      -76.000	       65.112	        3.042	        3.000	     1013.200	        0.300	     1297.900	        0.000
       17.000	       12.000	        4.000	       13.000	      -75.000	       64.980	        3.559	        3.000	     1013.300	        0.300	     1340.300	        0.200
       17.000	       12.000	        4.000	       14.000	      -74.000	       64.860	        4.071	        3.000	     1013.400	        0.300	     1372.800	        1.700
       17.000	       12.000	        4.000	       15.000	      -73.000	       64.756	        4.588	        3.000	     1013.500	        0.000	     1405.500	        2.900
       17.000	       12.000	        4.000	       16.000	      -72.000	       64.665	        5.115	        3.000	     1012.300	        0.000	     1326.300	        2.700
       17.000	       12.000	        4.000	       17.000	      -71.000	       64.581	        5.655	        3.000	     1011.200	        0.000	     1268.900	        1.700
       17.000	       12.000	        4.000	       18.000	      -70.000	       64.502	        6.213	        3.000	     1010.000	        0.200	     1208.100	        0.000
       17.000	       12.000	        4.000	       19.000	      -69.000	       64.431	        6.779	        3.100	     1010.000	        0.000	     1211.800	        0.000
       17.000	       12.000	        4.000	       20.000	      -68.000	       64.370	        7.339	        3.500	     1010.100	        0.000	     1213.900	        0.000
       17.000	       12.000	        4.000	       21.000	      -67.000	       64.318	        7.888	        4.300	     1010.100	        0.200	     1191.200	        0.000
       17.000	       12.000	        4.000	       22.000	      -66.000	       64.262	        8.417	        3.900	     1009.000	        0.200	     1150.600	        0.000
       17.000	       12.000	        4.000	       23.000	      -65.000	       64.194	        8.930	        0.000	     1008.000	        0.200	     1114.000	        0.000
       17.000	       12.000	        5.000	        0.000	      -64.000	       64.119	        9.407	        0.000	     1004.400	        0.000	     1014.700	        0.000
       17.000	       12.000	        5.000	        1.000	      -63.000	       64.044	        9.807	        0.000	     1001.100	        0.000	      872.500	        0.000
       17.000	       12.000	        5.000	        2.000	      -62.000	       63.981	       10.118	        0.000	      994.800	        0.000	      655.100	        0.000
       17.000	       12.000	        5.000	        3.000	      -61.000	       63.940	       10.342	        0.000	      985.400	        0.500	      420.400	        0.000
       17.000	       12.000	        5.000	        4.000	      -60.000	       63.908	       10.521	        4.100	      978.000	        0.700	      372.100	        0.000
       17.000	       12.000	        5.000	        5.000	      -59.000	       63.874	       10.696	       22.800	      971.200	        0.700	      310.500	        0.000
       17.000	       12.000	        5.000	        6.000	      -58.000	       63.836	       10.889	       63.900	      961.900	        1.000	      225.500	        0.000
       17.000	       12.000	        5.000	        7.000	      -57.000	       63.784	       11.140	      134.000	      940.600	        1.000	      159.900	        0.000
       17.000	       12.000	        5.000	        8.000	      -56.000	       63.696	       11.498	      232.800	      921.600	        1.000	      133.500	        0.000
       17.000	       12.000	        5.000	        9.000	      -55.000	       63.589	       11.907	      288.500	      904.300	        0.300	      100.900	        0.000
       17.000	       12.000	        5.000	       10.000	      -54.000	       63.464	       12.368	      323.100	      882.400	        0.700	      233.100	        4.000
       17.000	       12.000	        5.000	       11.000	      -53.000	       63.307	       12.903	      345.100	      862.600	        0.500	      370.800	        8.000
       17.000	       12.000	        5.000	       12.000	      -52.000	       63.102	       13.518	      342.300	      873.500	        0.000	      470.000	       15.700
       17.000	       12.000	        5.000	       13.000	      -51.000	       62.851	       14.191	      314.100	      900.900	        0.000	      434.900	       17.300
       17.000	       12.000	        5.000	       14.000	      -50.000	       62.574	       14.859	      290.600	      918.100	        0.000	      382.100	       14.700
       17.000	       12.000	        5.000	       15.000	      -49.000	       62.287	       15.483	      243.700	      935.900	        0.000	      290.900	       12.000
       17.000	       12.000	        5.000	       16.000	      -48.000	       62.042	       16.033	      166.200	      954.200	        0.000	      301.700	       11.700
       17.000	       12.000	        5.000	       17.000	      -47.000	       61.858	       16.494	       91.600	      969.600	        0.000	      442.100	        8.100
       17.000	       12.000	        5.000	       18.000	      -46.000	       61.734	       16.870	       33.800	      984.100	        0.000	      584.200	        1.600
       17.000	       12.000	        5.000	       19.000	      -45.000	       61.627	       17.194	       10.800	      993.000	        0.000	      668.500	        0.000
       17.000	       12.000	        5.000	       20.000	      -44.000	       61.477	       17.574	        2.700	      999.300	        0.000	      760.600	        0.000
       17.000	       12.000	        5.000	       21.000	      -43.000	       61.254	       18.061	        0.000	     1004.300	        0.000	      849.900	        0.000
       17.000	       12.000	        5.000	       22.000	      -42.000	       60.997	       18.602	        0.000	     1004.500	        0.000	      882.200	        0.000
       17.000	       12.000	        5.000	       23.000	      -41.000	       60.762	       19.150	        0.000	     1004.200	        0.000	      889.900	        0.000
       17.000	       12.000	        6.000	        0.000	      -40.000	       60.542	       19.720	        0.000	     1003.500	        0.000	      935.900	        0.000
       17.000	       12.000	        6.000	        1.000	      -39.000	       60.319	       20.294	        0.000	     1003.500	        0.000	     1014.700	        0.000
       17.000	       12.000	        6.000	        2.000	      -38.000	       60.096	       20.861	        0.300	     1002.900	        0.000	     1029.500	        0.000
       17.000	       12.000	        6.000	        3.000	      -37.000	       59.882	       21.431	        0.800	     1002.200	        0.000	     1038.700	        0.000
       17.000	       12.000	        6.000	        4.000	      -36.000	       59.668	       21.987	        0.800	     1002.900	        0.000	     1188.400	        0.000
       17.000	       12.000	        6.000	        5.000	      -35.000	       59.462	       22.493	        0.600	     1002.700	        0.000	     1151.700	        0.000
       17.000	       12.000	        6.000	        6.000	      -34.000	       59.285	       22.974	        0.000	     1001.900	        0.000	     1149.300	        0.000
       17.000	       12.000	        6.000	        7.000	      -33.000	       59.143	       23.406	        0.000	     1000.300	        0.000	     1006.600	        3.400
       17.000	       12.000	        6.000	        8.000	      -32.000	       59.039	       23.745	        0.000	      999.000	        0.000	      903.800	        5.700
       17.000	       12.000	        6.000	        9.000	      -31.000	       58.961	       24.020	        0.000	      998.200	        0.000	      850.000	        8.600
       17.000	       12.000	        6.000	       10.000	      -30.000	       58.894	       24.262	        0.000	      997.600	        0.000	      757.700	       19.600
       17.000	       12.000	        6.000	       11.000	      -29.000	       58.828	       24.480	        0.000	      997.000	        0.000	      633.400	       29.900
       17.000	       12.000	        6.000	       12.000	      -28.000	       58.764	       24.673	        0.000	      996.400	        0.100	      479.100	       39.200
       17.000	       12.000	        6.000	       13.000	      -27.000	       58.705	       24.848	        0.000	      996.100	        0.100	      366.700	       29.900
       17.000	       12.000	        6.000	       14.000	      -26.000	       58.658	       25.008	        0.000	      995.400	        0.000	      245.900	       21.200
       17.000	       12.000	        6.000	       15.000	      -25.000	       58.617	       25.163	        0.000	      995.100	        0.000	      178.100	       12.600
       17.000	       12.000	        6.000	       16.000	      -24.000	       58.579	       25.313	        0.000	      995.100	        0.000	      147.100	       11.500
       17.000	       12.000	        6.000	       17.000	      -23.000	       58.542	       25.454	        0.000	      995.400	        0.000	      108.200	       10.700
       17.000	       12.000	        6.000	       18.000	      -22.000	       58.505	       25.584	        0.000	      996.100	        0.000	       62.300	       10.000
       17.000	       12.000	        6.000	       19.000	      -21.000	       58.468	       25.704	        0.000	      996.500	        0.000	       57.300	        6.700
       17.000	       12.000	        6.000	       20.000	      -20.000	       58.434	       25.820	        0.000	      996.700	        0.000	       48.900	        3.300
       17.000	       12.000	        6.000	       21.000	      -19.000	       58.403	       25.931	        0.000	      996.700	        0.000	       37.100	        0.000
       17.000	       12.000	        6.000	       22.000	      -18.000	       58.376	       26.033	        0.700	      996.700	        0.000	       36.100	        0.000
       17.000	       12.000	        6.000	       23.000	      -17.000	       58.357	       26.123	        0.900	      997.000	        0.000	       34.600	        0.000
       17.000	       12.000	        7.000	        0.000	      -16.000	       58.345	       26.202	        1.200	      997.200	        0.000	       27.100	        0.000
       17.000	       12.000	        7.000	        1.000	      -15.000	       58.342	       26.268	        1.800	      997.300	        0.000	       30.600	        0.000
       17.000	       12.000	        7.000	        2.000	      -14.000	       58.348	       26.318	        2.400	      997.400	        0.000	       33.600	        0.000
       17.000	       12.000	        7.000	        3.000	      -13.000	       58.365	       26.349	        3.200	      997.500	        0.000	       36.300	        0.000
       17.000	       12.000	        7.000	        4.000	      -12.000	       58.391	       26.363	        4.400	      997.400	        0.000	       47.000	        0.000
       17.000	       12.000	        7.000	        5.000	      -11.000	       58.427	       26.356	        6.500	      997.200	        0.000	       58.100	        0.000
       17.000	       12.000	        7.000	        6.000	      -10.000	       58.473	       26.327	        9.600	      997.000	        0.000	       70.800	        0.000
       17.000	       12.000	        7.000	        7.000	       -9.000	       58.534	       26.280	       13.500	      996.200	        0.000	      144.700	        6.700
       17.000	       12.000	        7.000	        8.000	       -8.000	       58.612	       26.220	       18.800	      994.900	        0.000	      214.100	       12.900
       17.000	       12.000	        7.000	        9.000	       -7.000	       58.709	       26.146	       25.700	      993.200	        0.000	      274.900	       18.700
       17.000	       12.000	        7.000	       10.000	       -6.000	       58.826	       26.061	       33.100	      991.500	        0.000	      311.700	       26.800
       17.000	       12.000	        7.000	       11.000	       -5.000	       58.959	       25.965	       39.500	      990.100	        0.000	      347.700	       35.000
       17.000	       12.000	        7.000	       12.000	       -4.000	       59.116	       25.859	       45.100	      990.700	        0.000	      418.500	       40.000
       17.000	       12.000	        7.000	       13.000	       -3.000	       59.309	       25.726	       50.800	      991.200	        0.000	      522.900	       23.600
       17.000	       12.000	        7.000	       14.000	       -2.000	       59.550	       25.544	       59.200	      991.900	        0.000	      641.400	       10.000
       17.000	       12.000	        7.000	       15.000	       -1.000	       59.847	       25.287	       73.700	      992.100	        0.300	      799.500	        0.000
       17.000	       12.000	        7.000	       16.000	        0.000	       60.196	       24.952	      100.000	      984.100	        0.300	      803.400	        0.000
       17.000	       12.000	        7.000	       17.000	        1.000	       60.573	       24.568	      145.100	      970.800	        0.500	      778.600	        0.000
       17.000	       12.000	        7.000	       18.000	        2.000	       60.992	       24.135	      177.600	      952.600	        0.800	      783.200	        0.000
       17.000	       12.000	        7.000	       19.000	        3.000	       61.415	       23.689	      186.900	      954.800	        0.700	      753.400	        0.000
       17.000	       12.000	        7.000	       20.000	        4.000	       61.845	       23.255	      207.200	      948.800	        1.000	      732.700	        0.000
       17.000	       12.000	        7.000	       21.000	        5.000	       62.282	       22.831	      225.000	      947.300	        1.000	      730.500	        0.000
       17.000	       12.000	        7.000	       22.000	        6.000	       62.722	       22.406	      227.000	      951.200	        0.700	      711.900	        0.000
       17.000	       12.000	        7.000	       23.000	        7.000	       63.169	       21.949	      203.100	      956.000	        0.700	      684.700	        0.000
       17.000	       12.000	        8.000	        0.000	        8.000	       63.646	       21.438	      245.200	      960.200	        1.100	      643.400	        0.000
       17.000	       12.000	        8.000	        1.000	        9.000	       64.186	       20.926	      498.300	      928.900	        0.500	      646.300	        0.000
       17.000	       12.000	        8.000	        2.000	       10.000	       64.714	       20.560	      837.200	      864.700	        1.000	      663.500	        0.000
       17.000	       12.000	        8.000	        3.000	       11.000	       65.232	       20.136	     1086.800	      826.000	        0.500	      681.600	        0.000
       17.000	       12.000	        8.000	        4.000	       12.000	       65.766	       19.534	     1278.600	      802.400	        0.200	      752.300	        0.000
       17.000	       12.000	        8.000	        5.000	       13.000	       66.313	       18.809	     1492.100	      766.500	        0.500	      749.000	        0.000
       17.000	       12.000	        8.000	        6.000	       14.000	       66.860	       17.915	     1752.200	      723.200	        0.800	      600.100	        0.000
       17.000	       12.000	        8.000	        7.000	       15.000	       67.498	       16.749	     1560.800	      710.800	        0.700	      409.000	        0.000
       17.000	       12.000	        8.000	        8.000	       16.000	       68.111	       15.404	      899.000	      882.200	        0.000	      865.100	        0.000
       17.000	       12.000	        8.000	        9.000	       17.000	       68.564	       14.095	      966.800	      867.700	        0.000	     1198.000	        0.000
       17.000	       12.000	        8.000	       10.000	       18.000	       68.920	       13.104	     1129.200	      844.100	        0.200	     1333.800	        0.000
       17.000	       12.000	        8.000	       11.000	       19.000	       69.124	       12.241	     1123.000	      848.500	        0.200	     1313.800	        0.000
       17.000	       12.000	        8.000	       12.000	       20.000	       69.242	       11.389	     1087.300	      853.900	        0.000	     1252.500	        0.000
       17.000	       12.000	        8.000	       13.000	       21.000	       69.297	       10.520	     1109.800	      851.700	        0.000	     1204.000	        0.000
       17.000	       12.000	        8.000	       14.000	       22.000	       69.280	        9.705	     1164.500	      845.500	        0.000	     1130.800	        0.000
       17.000	       12.000	        8.000	       15.000	       23.000	       69.195	        8.998	     1198.800	      841.600	        0.200	     1074.600	        0.000
       17.000	       12.000	        8.000	       16.000	       24.000	       69.066	        8.387	     1198.400	      840.200	        0.000	     1051.800	        0.000