
       17.000	       11.000	       28.000	       23.000	     -168.000	       78.407	       91.710	      937.900	      895.700	        0.000	      103.900	        0.000
       17.000	       11.000	       29.000	        0.000	     -167.000	       78.546	       91.011	      932.900	      896.400	        0.000	      121.700	        0.000
       17.000	       11.000	       29.000	        1.000	     -166.000	       78.704	       90.245	      931.900	      896.700	        0.000	      146.300	        0.000
       17.000	       11.000	       29.000	        2.000	     -165.000	       78.871	       89.421	      929.300	      896.900	        0.000	      170.500	        0.000
       17.000	       11.000	       29.000	        3.000	     -164.000	       79.046	       88.549	      914.600	      899.200	        0.000	      199.800	        0.000
       17.000	       11.000	       29.000	        4.000	     -163.000	       79.235	       87.632	      897.700	      901.600	        0.000	      207.700	        0.000
       17.000	       11.000	       29.000	        5.000	     -162.000	       79.441	       86.611	      888.400	      903.000	        0.000	      211.100	        0.000
       17.000	       11.000	       29.000	        6.000	     -161.000	       79.665	       85.453	      883.500	      903.600	        0.000	      213.200	        0.000
       17.000	       11.000	       29.000	        7.000	     -160.000	       79.895	       84.196	      874.800	      905.000	        0.000	      199.400	        0.000
       17.000	       11.000	       29.000	        8.000	     -159.000	       80.122	       82.908	      856.400	      907.500	        0.000	      194.200	        0.000
       17.000	       11.000	       29.000	        9.000	     -158.000	       80.347	       81.556	      839.600	      909.800	        0.000	      195.000	        0.000
       17.000	       11.000	       29.000	       10.000	     -157.000	       80.576	       80.040	      823.800	      911.800	        0.000	      204.100	        0.000
       17.000	       11.000	       29.000	       11.000	     -156.000	       80.797	       78.339	      809.500	      913.600	        0.000	      209.500	        0.000
       17.000	       11.000	       29.000	       12.000	     -155.000	       80.996	       76.528	      795.500	      915.300	        0.000	      203.600	        0.000
       17.000	       11.000	       29.000	       13.000	     -154.000	       81.177	       74.649	      779.500	      917.400	        0.000	      248.700	        0.000
       17.000	       11.000	       29.000	       14.000	     -153.000	       81.349	       72.643	      769.900	      918.800	        0.000	      242.000	        0.000
       17.000	       11.000	       29.000	       15.000	     -152.000	       81.512	       70.508	      766.700	      919.300	        0.000	      238.100	        0.000
       17.000	       11.000	       29.000	       16.000	     -151.000	       81.657	       68.299	      765.700	      919.400	        0.000	      242.600	        0.000
       17.000	       11.000	       29.000	       17.000	     -150.000	       81.781	       66.053	      763.600	      919.600	        0.000	      257.800	        0.000
       17.000	       11.000	       29.000	       18.000	     -149.000	       81.887	       63.776	      752.100	      920.500	        0.000	      263.400	        0.000
       17.000	       11.000	       29.000	       19.000	     -148.000	       81.978	       61.520	      742.500	      922.000	        0.000	      285.400	        0.000
       17.000	       11.000	       29.000	       20.000	     -147.000	       82.059	       59.295	      731.600	      923.500	        0.000	      307.600	        0.000
       17.000	       11.000	       29.000	       21.000	     -146.000	       82.135	       57.045	      697.800	      928.100	        0.000	      314.500	        0.000
       17.000	       11.000	       29.000	       22.000	     -145.000	       82.197	       54.801	      681.000	      930.100	        0.000	      305.700	        0.000
       17.000	       11.000	       29.000	       23.000	     -144.000	       82.244	       52.636	      670.600	      931.500	        0.000	      273.300	        0.000
       17.000	       11.000	       30.000	        0.000	     -143.000	       82.279	       50.572	      657.100	      933.200	        0.000	      239.800	        0.000
       17.000	       11.000	       30.000	        1.000	     -142.000	       82.309	       48.583	      641.500	      935.200	        0.000	      194.100	        0.000
       17.000	       11.000	       30.000	        2.000	     -141.000	       82.337	       46.628	      624.000	      937.300	        0.000	      165.700	        0.000
       17.000	       11.000	       30.000	        3.000	     -140.000	       82.362	       44.711	      609.400	      938.900	        0.000	      152.800	        0.000
       17.000	       11.000	       30.000	        4.000	     -139.000	       82.385	       42.822	      594.500	      940.300	        0.000	      172.700	        0.000
       17.000	       11.000	       30.000	        5.000	     -138.000	       82.406	       40.968	      579.300	      941.900	        0.000	      166.100	        0.000
       17.000	       11.000	       30.000	        6.000	     -137.000	       82.429	       39.136	      561.600	      943.700	        0.000	      177.200	        0.000
       17.000	       11.000	       30.000	        7.000	     -136.000	       82.455	       37.336	      544.100	      945.800	        0.000	      192.800	        0.000
       17.000	       11.000	       30.000	        8.000	     -135.000	       82.490	       35.571	      526.100	      948.100	        0.000	      194.100	        0.000
       17.000	       11.000	       30.000	        9.000	     -134.000	       82.535	       33.831	      509.200	      950.300	        0.000	      205.400	        0.000
       17.000	       11.000	       30.000	       10.000	     -133.000	       82.588	       32.103	      493.900	      952.000	        0.000	      238.700	        0.000
       17.000	       11.000	       30.000	       11.000	     -132.000	       82.650	       30.322	      479.800	      953.600	        0.000	      261.200	        0.000
       17.000	       11.000	       30.000	       12.000	     -131.000	       82.722	       28.436	      467.400	      954.900	        0.000	      296.700	        0.000
       17.000	       11.000	       30.000	       13.000	     -130.000	       82.799	       26.412	      457.500	      955.800	        0.000	      311.900	        0.000
       17.000	       11.000	       30.000	       14.000	     -129.000	       82.877	       24.264	      443.800	      957.400	        0.000	      289.500	        0.000
       17.000	       11.000	       30.000	       15.000	     -128.000	       82.955	       22.021	      427.800	      959.300	        0.000	      243.300	        0.000
       17.000	       11.000	       30.000	       16.000	     -127.000	       83.027	       19.665	      411.100	      960.900	        0.000	      218.500	        0.000
       17.000	       11.000	       30.000	       17.000	     -126.000	       83.088	       17.181	      402.100	      961.700	        0.000	      252.800	        0.000
       17.000	       11.000	       30.000	       18.000	     -125.000	       83.137	       14.558	      398.800	      961.700	        0.000	      252.900	        0.000
       17.000	       11.000	       30.000	       19.000	     -124.000	       83.172	       11.792	      393.600	      962.000	        0.000	      267.100	        0.000
       17.000	       11.000	       30.000	       20.000	     -123.000	       83.182	        8.921	      383.100	      963.200	        0.000	      278.200	        0.000
       17.000	       11.000	       30.000	       21.000	     -122.000	       83.164	        6.056	      380.100	      963.200	        0.000	      300.200	        0.000
       17.000	       11.000	       30.000	       22.000	     -121.000	       83.113	        3.298	      375.700	      963.400	        0.000	      301.600	        0.000
       17.000	       11.000	       30.000	       23.000	     -120.000	       83.030	        0.682	      363.500	      964.900	        0.000	      284.900	       -0.200
       17.000	       12.000	        1.000	        0.000	     -119.000	       82.916	       -1.763	      337.100	      967.500	        0.000	      255.200	        0.000
       17.000	       12.000	        1.000	        1.000	     -118.000	       82.776	       -4.078	      319.800	      969.400	        0.000	      256.100	        0.000
       17.000	       12.000	        1.000	        2.000	     -117.000	       82.613	       -6.243	      307.900	      970.700	        0.000	      201.400	        0.000
       17.000	       12.000	        1.000	        3.000	     -116.000	       82.435	       -8.187	      306.600	      970.400	        0.000	      140.700	        0.000
       17.000	       12.000	        1.000	        4.000	     -115.000	       82.244	       -9.804	      306.600	      970.300	        0.000	       94.400	        0.000
       17.000	       12.000	        1.000	        5.000	     -114.000	       82.045	      -11.057	      311.300	      968.900	        0.000	       79.600	        0.000
       17.000	       12.000	        1.000	        6.000	     -113.000	       81.834	      -11.935	      315.300	      968.600	        0.000	      116.500	        0.000
       17.000	       12.000	        1.000	        7.000	     -112.000	       81.600	      -12.515	      315.800	      967.400	        0.000	      167.800	        0.000
       17.000	       12.000	        1.000	        8.000	     -111.000	       81.345	      -12.862	      310.000	      967.500	        0.000	      212.000	        0.000
       17.000	       12.000	        1.000	        9.000	     -110.000	       81.061	      -12.975	      289.000	      971.600	        0.000	      249.800	        0.000
       17.000	       12.000	        1.000	       10.000	     -109.000	       80.748	      -12.958	      264.700	      974.400	        0.000	      270.100	        0.000
       17.000	       12.000	        1.000	       11.000	     -108.000	       80.414	      -13.016	      250.400	      975.200	        0.000	      272.400	        0.000
       17.000	       12.000	        1.000	       12.000	     -107.000	       80.059	      -13.220	      243.000	      975.500	        0.000	      268.600	        0.000
       17.000	       12.000	        1.000	       13.000	     -106.000	       79.698	      -13.494	      237.900	      975.900	        0.000	      251.700	        0.000
       17.000	       12.000	        1.000	       14.000	     -105.000	       79.356	      -13.738	      234.400	      976.200	        0.000	      219.900	        0.000
       17.000	       12.000	        1.000	       15.000	     -104.000	       79.043	      -13.952	      233.400	      976.100	        0.000	      168.000	        0.000
       17.000	       12.000	        1.000	       16.000	     -103.000	       78.757	      -14.136	      233.900	      975.600	        0.000	      133.400	        0.000
       17.000	       12.000	        1.000	       17.000	     -102.000	       78.493	      -14.283	      234.400	      975.200	        0.000	      101.500	        0.000
       17.000	       12.000	        1.000	       18.000	     -101.000	       78.251	      -14.404	      234.600	      974.900	        0.000	       70.200	        0.000
       17.000	       12.000	        1.000	       19.000	     -100.000	       78.031	      -14.502	      234.900	      974.800	        0.000	       46.400	        0.000
       17.000	       12.000	        1.000	       20.000	      -99.000	       77.828	      -14.579	      235.700	      974.600	        0.000	       36.200	        0.000
       17.000	       12.000	        1.000	       21.000	      -98.000	       77.642	      -14.638	      237.000	      974.000	        0.000	       25.000	        0.000
       17.000	       12.000	        1.000	       22.000	      -97.000	       77.466	      -14.685	      235.800	      973.900	        0.000	       30.500	        0.000
       17.000	       12.000	        1.000	       23.000	      -96.000	       77.294	      -14.722	      229.200	      974.400	        0.000	       36.600	        0.000
       17.000	       12.000	        2.000	        0.000	      -95.000	       77.124	      -14.747	      217.700	      976.100	        0.000	       43.100	        0.000
       17.000	       12.000	        2.000	        1.000	      -94.000	       76.953	      -14.758	      206.700	      977.300	        0.000	       48.900	        0.000
       17.000	       12.000	        2.000	        2.000	      -93.000	       76.777	      -14.762	      199.700	      977.800	        0.000	       61.700	        0.000
       17.000	       12.000	        2.000	        3.000	      -92.000	       76.595	      -14.771	      194.300	      978.400	        0.000	       78.500	        0.000
       17.000	       12.000	        2.000	        4.000	      -91.000	       76.405	      -14.795	      189.000	      979.100	        0.000	       98.400	        0.000
       17.000	       12.000	        2.000	        5.000	      -90.000	       76.203	      -14.842	      184.800	      979.600	        0.000	      118.300	        0.000
       17.000	       12.000	        2.000	        6.000	      -89.000	       75.992	      -14.916	      183.200	      979.500	        0.000	      138.500	        0.000
       17.000	       12.000	        2.000	        7.000	      -88.000	       75.769	      -14.986	      183.200	      979.900	        0.000	      178.000	        0.000
       17.000	       12.000	        2.000	        8.000	      -87.000	       75.532	      -15.023	      183.200	      980.200	        0.000	      220.800	        0.000
       17.000	       12.000	        2.000	        9.000	      -86.000	       75.276	      -15.037	      183.200	      980.400	        0.000	      266.500	        0.000
       17.000	       12.000	        2.000	       10.000	      -85.000	       74.998	      -15.044	      183.200	      980.700	        0.000	      315.600	        0.000
       17.000	       12.000	        2.000	       11.000	      -84.000	       74.695	      -15.062	      183.200	      980.900	        0.000	      389.000	        0.000
       17.000	       12.000	        2.000	       12.000	      -83.000	       74.365	      -15.123	      183.200	      981.100	        0.000	      477.200	        0.000
       17.000	       12.000	        2.000	       13.000	      -82.000	       74.023	      -15.222	      183.200	      981.700	        0.000	      548.400	        0.000
       17.000	       12.000	        2.000	       14.000	      -81.000	       73.680	      -15.322	      184.300	      981.600	        0.000	      652.400	        0.000
       17.000	       12.000	        2.000	       15.000	      -80.000	       73.332	      -15.425	      185.500	      982.200	        0.000	      757.500	        0.000
       17.000	       12.000	        2.000	       16.000	      -79.000	       72.978	      -15.516	      185.500	      982.500	        0.000	      802.900	        0.000
       17.000	       12.000	        2.000	       17.000	      -78.000	       72.619	      -15.534	      185.500	      982.900	        0.000	      828.500	        0.000
       17.000	       12.000	        2.000	       18.000	      -77.000	       72.257	      -15.457	      185.500	      983.300	        0.000	      858.000	        0.000
       17.000	       12.000	        2.000	       19.000	      -76.000	       71.899	      -15.328	      185.500	      984.000	        0.000	      930.100	        0.000
       17.000	       12.000	        2.000	       20.000	      -75.000	       71.555	      -15.175	      185.500	      984.700	        0.000	     1010.900	        0.000
       17.000	       12.000	        2.000	       21.000	      -74.000	       71.226	      -15.014	      185.500	      984.800	        0.000	     1105.100	        0.000
       17.000	       12.000	        2.000	       22.000	      -73.000	       70.913	      -14.819	      180.500	      986.000	        0.000	     1129.400	        0.000
       17.000	       12.000	        2.000	       23.000	      -72.000	       70.612	      -14.546	      165.600	      988.600	        0.000	     1102.400	        0.000
       17.000	       12.000	        3.000	        0.000	      -71.000	       70.326	      -14.194	      140.800	      993.900	        0.000	     1090.200	        0.000
       17.000	       12.000	        3.000	        1.000	      -70.000	       70.048	      -13.811	      117.100	      996.700	        0.000	     1105.600	        0.000
       17.000	       12.000	        3.000	        2.000	      -69.000	       69.774	      -13.427	      103.900	      998.700	        0.000	     1144.000	        0.000
       17.000	       12.000	        3.000	        3.000	      -68.000	       69.510	      -13.032	       99.600	      999.200	        0.000	     1162.900	        0.000
       17.000	       12.000	        3.000	        4.000	      -67.000	       69.254	      -12.612	       99.600	      999.400	        0.000	     1156.500	        0.000
       17.000	       12.000	        3.000	        5.000	      -66.000	       69.005	      -12.158	       99.600	      999.600	        0.000	     1145.800	        0.000
       17.000	       12.000	        3.000	        6.000	      -65.000	       68.764	      -11.666	       99.600	     1000.300	        0.000	     1154.300	        0.000
       17.000	       12.000	        3.000	        7.000	      -64.000	       68.530	      -11.150	       99.600	     1000.600	        0.000	     1203.900	        0.000
       17.000	       12.000	        3.000	        8.000	      -63.000	       68.301	      -10.626	       99.600	     1000.800	        0.000	     1229.600	        0.000
       17.000	       12.000	        3.000	        9.000	      -62.000	       68.076	      -10.089	       99.600	     1001.000	        0.000	     1252.700	        0.000
       17.000	       12.000	        3.000	       10.000	      -61.000	       67.854	       -9.512	       99.500	     1001.300	        0.000	     1274.500	        0.000
       17.000	       12.000	        3.000	       11.000	      -60.000	       67.630	       -8.867	       99.300	     1001.500	        0.000	     1311.900	        0.000
       17.000	       12.000	        3.000	       12.000	      -59.000	       67.406	       -8.141	       99.000	     1001.900	        0.000	     1328.900	        0.000
       17.000	       12.000	        3.000	       13.000	      -58.000	       67.186	       -7.360	       99.000	     1001.600	        0.000	     1393.600	        0.000
       17.000	       12.000	        3.000	       14.000	      -57.000	       66.964	       -6.567	       99.000	     1001.300	        0.000	     1448.200	        0.000
       17.000	       12.000	        3.000	       15.000	      -56.000	       66.739	       -5.774	       98.900	     1001.500	        0.200	     1481.800	        0.000
       17.000	       12.000	        3.000	       16.000	      -55.000	       66.510	       -4.994	       98.900	     1001.400	        0.200	     1457.700	        0.000
       17.000	       12.000	        3.000	       17.000	      -54.000	       66.276	       -4.214	       98.900	     1001.400	        0.200	     1439.900	        0.000
       17.000	       12.000	        3.000	       18.000	      -53.000	       66.038	       -3.417	       98.900	     1001.300	        0.000	     1435.700	        0.000
       17.000	       12.000	        3.000	       19.000	      -52.000	       65.807	       -2.623	       98.900	     1001.500	        0.000	     1452.200	        0.000
       17.000	       12.000	        3.000	       20.000	      -51.000	       65.581	       -1.849	       98.700	     1001.600	        0.000	     1465.700	        0.000
       17.000	       12.000	        3.000	       21.000	      -50.000	       65.362	       -1.081	       98.600	     1001.500	        0.000	     1483.300	        0.000
       17.000	       12.000	        3.000	       22.000	      -49.000	       65.146	       -0.302	       98.200	     1002.100	        0.000	     1533.200	        1.900
       17.000	       12.000	        3.000	       23.000	      -48.000	       64.928	        0.492	       96.300	     1002.100	        0.000	     1542.200	        0.700
       17.000	       12.000	        4.000	        0.000	      -47.000	       64.713	        1.291	       95.700	     1001.500	        0.200	     1544.600	        0.000
       17.000	       12.000	        4.000	        1.000	      -46.000	       64.498	        2.071	       95.700	     1001.500	        0.100	     1531.200	        0.000
       17.000	       12.000	        4.000	        2.000	      -45.000	       64.279	        2.827	       95.700	     1001.500	        0.200	     1516.800	        0.000
       17.000	       12.000	        4.000	        3.000	      -44.000	       64.057	        3.566	       95.700	     1001.600	        0.100	     1513.100	        0.000
       17.000	       12.000	        4.000	        4.000	      -43.000	       63.842	        4.281	       95.800	     1002.100	        0.100	     1484.600	        0.000
       17.000	       12.000	        4.000	        5.000	      -42.000	       63.649	        4.958	       98.100	     1001.500	        0.100	     1443.200	        0.000
       17.000	       12.000	        4.000	        6.000	      -41.000	       63.484	        5.618	       98.500	     1002.300	        0.200	     1382.900	        0.000
       17.000	       12.000	        4.000	        7.000	      -40.000	       63.352	        6.279	       92.300	     1003.500	        0.200	     1393.400	        0.000
       17.000	       12.000	        4.000	        8.000	      -39.000	       63.259	        6.960	       86.700	     1006.300	        0.500	     1472.000	        0.000
       17.000	       12.000	        4.000	        9.000	      -38.000	       63.209	        7.633	      110.200	      993.600	        0.500	     1186.200	        0.000
       17.000	       12.000	        4.000	       10.000	      -37.000	       63.185	        8.308	      207.500	      965.100	        0.500	      980.000	        4.000
       17.000	       12.000	        4.000	       11.000	      -36.000	       63.141	        9.122	      385.800	      914.900	        0.500	      941.900	        8.000
       17.000	       12.000	        4.000	       12.000	      -35.000	       63.017	       10.075	      576.700	      885.200	        0.000	      854.900	       12.000
       17.000	       12.000	        4.000	       13.000	      -34.000	       62.804	       11.016	      725.500	      852.800	        0.000	      624.900	       14.600
       17.000	       12.000	        4.000	       14.000	      -33.000	       62.533	       11.892	      812.200	      818.000	        0.300	      472.200	       13.600
       17.000	       12.000	        4.000	       15.000	      -32.000	       62.214	       12.678	      755.200	      831.100	        0.000	      232.600	       12.000
       17.000	       12.000	        4.000	       16.000	      -31.000	       61.894	       13.337	      595.900	      867.400	        0.000	      129.800	       12.600
       17.000	       12.000	        4.000	       17.000	      -30.000	       61.607	       13.922	      414.600	      914.400	        0.000	      172.200	       13.000
       17.000	       12.000	        4.000	       18.000	      -29.000	       61.365	       14.482	      271.700	      942.600	        0.000	      198.500	       12.000
       17.000	       12.000	        4.000	       19.000	      -28.000	       61.154	       15.005	      233.000	      948.000	        0.000	      214.700	        8.000
       17.000	       12.000	        4.000	       20.000	      -27.000	       60.923	       15.519	      236.600	      945.700	        0.000	      213.800	        4.000
       17.000	       12.000	        4.000	       21.000	      -26.000	       60.692	       16.006	      209.100	      954.000	        0.000	      253.100	        0.000
       17.000	       12.000	        4.000	       22.000	      -25.000	       60.501	       16.459	      162.000	      974.500	        0.000	      254.400	        0.000
       17.000	       12.000	        4.000	       23.000	      -24.000	       60.363	       16.859	      112.700	      989.900	        0.000	      269.600	        0.000
       17.000	       12.000	        5.000	        0.000	      -23.000	       60.272	       17.199	       71.900	      998.300	        0.000	      296.400	        0.000
       17.000	       12.000	        5.000	        1.000	      -22.000	       60.224	       17.491	       48.000	     1001.600	        0.000	      281.200	        0.000
       17.000	       12.000	        5.000	        2.000	      -21.000	       60.203	       17.758	       39.500	     1003.200	        0.000	      273.200	        0.000
       17.000	       12.000	        5.000	        3.000	      -20.000	       60.201	       18.023	       42.900	     1002.900	        0.000	      278.800	        0.000
       17.000	       12.000	        5.000	        4.000	      -19.000	       60.208	       18.330	       50.800	     1001.400	        0.000	      323.500	        0.000
       17.000	       12.000	        5.000	        5.000	      -18.000	       60.224	       18.706	       52.700	     1001.500	        0.000	      364.200	        0.000
       17.000	       12.000	        5.000	        6.000	      -17.000	       60.255	       19.149	       45.300	     1003.400	        0.000	      418.800	        0.000
       17.000	       12.000	        5.000	        7.000	      -16.000	       60.294	       19.635	       42.700	     1002.400	        0.000	      547.200	        4.000
       17.000	       12.000	        5.000	        8.000	      -15.000	       60.333	       20.150	       52.000	     1000.400	        0.000	      658.100	        8.000
       17.000	       12.000	        5.000	        9.000	      -14.000	       60.377	       20.686	       67.400	      997.300	        0.000	      754.000	       12.000
       17.000	       12.000	        5.000	       10.000	      -13.000	       60.418	       21.215	       83.300	      994.400	        0.000	      783.000	       16.200
       17.000	       12.000	        5.000	       11.000	      -12.000	       60.456	       21.701	      102.200	      990.000	        0.000	      678.400	       20.200
       17.000	       12.000	        5.000	       12.000	      -11.000	       60.504	       22.145	      129.100	      983.500	        0.000	      606.400	       24.000
       17.000	       12.000	        5.000	       13.000	      -10.000	       60.556	       22.557	      157.500	      977.300	        0.000	      508.000	       15.700
       17.000	       12.000	        5.000	       14.000	       -9.000	       60.607	       22.932	      176.300	      972.900	        0.000	      466.300	        7.700
       17.000	       12.000	        5.000	       15.000	       -8.000	       60.665	       23.276	      186.900	      968.800	        0.300	      420.200	        0.000
       17.000	       12.000	        5.000	       16.000	       -7.000	       60.709	       23.593	      190.900	      965.900	        0.300	      355.300	        0.000
       17.000	       12.000	        5.000	       17.000	       -6.000	       60.716	       23.879	      189.600	      964.200	        0.300	      343.400	        0.000
       17.000	       12.000	        5.000	       18.000	       -5.000	       60.686	       24.121	      187.500	      963.400	        0.700	      340.800	        0.000
       17.000	       12.000	        5.000	       19.000	       -4.000	       60.626	       24.327	      184.100	      964.900	        0.600	      291.100	        0.000
       17.000	       12.000	        5.000	       20.000	       -3.000	       60.541	       24.502	      174.300	      967.700	        0.600	      290.100	        0.000
       17.000	       12.000	        5.000	       21.000	       -2.000	       60.432	       24.642	      155.200	      972.900	        0.700	      327.500	        0.000
       17.000	       12.000	        5.000	       22.000	       -1.000	       60.312	       24.779	      129.200	      978.600	        0.600	      377.100	        0.000
       17.000	       12.000	        5.000	       23.000	        0.000	       60.196	       24.952	      100.000	      984.500	        0.500	      431.100	        0.000
       17.000	       12.000	        6.000	        0.000	        1.000	       60.079	       25.181	       68.000	      991.100	        0.000	      493.400	        0.000
       17.000	       12.000	        6.000	        1.000	        2.000	       59.954	       25.458	       41.200	      996.300	        0.000	      629.600	        0.000
       17.000	       12.000	        6.000	        2.000	        3.000	       59.828	       25.756	       26.400	      996.900	        0.000	      687.200	        0.000
       17.000	       12.000	        6.000	        3.000	        4.000	       59.711	       26.066	       20.600	      995.800	        0.000	      738.100	        0.000
       17.000	       12.000	        6.000	        4.000	        5.000	       59.612	       26.384	       18.000	      995.000	        0.000	      702.500	        0.000
       17.000	       12.000	        6.000	        5.000	        6.000	       59.537	       26.709	       15.500	      995.500	        0.000	      674.600	        0.000
       17.000	       12.000	        6.000	        6.000	        7.000	       59.482	       27.044	       12.400	      996.800	        0.000	      650.800	        0.000
       17.000	       12.000	        6.000	        7.000	        8.000	       59.434	       27.373	       10.200	      996.400	        0.000	      597.600	        7.200
       17.000	       12.000	        6.000	        8.000	        9.000	       59.388	       27.675	        9.700	      995.800	        0.000	      554.000	       15.100
       17.000	       12.000	        6.000	        9.000	       10.000	       59.357	       27.950	       10.700	      995.600	        0.000	      526.700	       23.400
       17.000	       12.000	        6.000	       10.000	       11.000	       59.329	       28.202	       13.100	      995.100	        0.100	      532.500	       27.000
       17.000	       12.000	        6.000	       11.000	       12.000	       59.294	       28.438	       16.000	      994.400	        0.100	      569.200	       30.400
       17.000	       12.000	        6.000	       12.000	       13.000	       59.258	       28.671	       18.600	      993.700	        0.100	      639.500	       33.900
       17.000	       12.000	        6.000	       13.000	       14.000	       59.224	       28.899	       20.000	      993.400	        0.000	      592.000	       23.200
       17.000	       12.000	        6.000	       14.000	       15.000	       59.185	       29.110	       20.300	      993.500	        0.000	      499.200	       12.200
       17.000	       12.000	        6.000	       15.000	       16.000	       59.134	       29.309	       20.300	      993.400	        0.000	      457.100	        0.000
       17.000	       12.000	        6.000	       16.000	       17.000	       59.076	       29.506	       20.300	      993.500	        0.000	      424.200	        0.000
       17.000	       12.000	        6.000	       17.000	       18.000	       59.016	       29.697	       20.200	      993.300	        0.000	      351.500	        0.000
       17.000	       12.000	        6.000	       18.000	       19.000	       58.948	       29.882	       20.200	      993.000	        0.000	      252.600	        0.000
       17.000	       12.000	        6.000	       19.000	       20.000	       58.876	       30.058	       20.200	      994.000	        0.000	      282.000	        0.000
       17.000	       12.000	        6.000	       20.000	       21.000	       58.803	       30.218	       20.200	      995.200	        0.000	      324.500	        0.000
       17.000	       12.000	        6.000	       21.000	       22.000	       58.723	       30.363	       20.200	      996.200	        0.000	      360.900	        0.000
       17.000	       12.000	        6.000	       22.000	       23.000	       58.641	       30.501	       20.200	      996.200	        0.000	      311.900	        0.000
       17.000	       12.000	        6.000	       23.000	       24.000	       58.560	       30.640	       20.200	      996.300	        0.000	      260.500	        0.000