# year	month	day	hour(utc+3)	minute	T_2	TD_2	U_2	WD_2	T_26	TD_26	U_26	WD_26	T_49	TD_49	U_49	WD_49	T_92	TD_92	U_92	WD_92	T_141	TD_141	U_141	WD_141	T_217	TD_217	U_217	WD_217	T_265	TD_265	U_265	WD_265	T_327	TD_327	U_327	WD_327
2017	6	9	0	0	9.8	11.7	-999.0	-999.0	9.5	10.6	0.6	229.0	9.9	9.7	-999.0	-999.0	9.1	9.8	0.7	301.0	9.4	9.2	-999.0	-999.0	8.9	9.2	1.2	315.0	8.2	8.3	-999.0	-999.0	11.0	4.9	-999.0	-999.0
2017	6	9	0	10	9.7	11.6	-999.0	-999.0	9.5	10.6	0.8	294.0	9.9	9.7	-999.0	-999.0	8.9	9.7	0.9	324.0	9.4	9.2	-999.0	-999.0	9.0	9.2	1.1	2.0	8.1	8.6	-999.0	-999.0	8.2	7.8	-999.0	-999.0
2017	6	9	0	20	9.7	11.6	-999.0	-999.0	9.5	10.5	0.6	319.0	9.9	9.7	-999.0	-999.0	9.0	9.7	0.5	356.0	9.4	9.1	-999.0	-999.0	9.0	9.3	0.9	41.0	8.2	8.7	-999.0	-999.0	9.4	7.8	-999.0	-999.0
2017	6	9	0	30	9.8	11.7	-999.0	-999.0	9.6	10.7	0.4	89.0	10.0	9.8	-999.0	-999.0	9.1	9.8	0.6	73.0	9.4	9.2	-999.0	-999.0	9.0	9.2	1.1	62.0	8.2	8.8	-999.0	-999.0	8.6	8.3	-999.0	-999.0
2017	6	9	0	40	9.9	11.8	-999.0	-999.0	9.8	10.8	0.6	147.0	10.0	9.8	-999.0	-999.0	9.0	9.7	0.9	88.0	9.3	9.2	-999.0	-999.0	8.9	9.1	0.6	10.0	8.0	8.6	-999.0	-999.0	8.4	8.2	-999.0	-999.0
2017	6	9	0	50	10.0	11.8	-999.0	-999.0	9.7	10.7	0.9	133.0	9.9	9.7	-999.0	-999.0	9.0	9.7	0.8	89.0	9.3	9.1	-999.0	-999.0	8.9	9.1	0.9	15.0	8.0	8.6	-999.0	-999.0	8.4	8.2	-999.0	-999.0
2017	6	9	1	0	9.8	11.7	-999.0	-999.0	9.5	10.6	1.1	95.0	9.9	9.7	-999.0	-999.0	9.2	9.6	1.9	73.0	9.3	9.0	-999.0	-999.0	8.8	9.0	1.2	62.0	8.0	8.6	-999.0	-999.0	8.3	8.2	-999.0	-999.0
2017	6	9	1	10	9.8	11.6	-999.0	-999.0	9.6	10.6	0.8	71.0	10.1	9.8	-999.0	-999.0	9.3	9.5	0.7	54.0	9.4	9.0	-999.0	-999.0	8.7	8.9	0.9	26.0	7.9	8.5	-999.0	-999.0	8.2	8.1	-999.0	-999.0
2017	6	9	1	20	9.5	11.4	-999.0	-999.0	9.6	10.6	0.6	73.0	10.1	9.8	-999.0	-999.0	9.3	9.5	0.3	354.0	9.5	9.0	-999.0	-999.0	8.8	8.9	0.9	28.0	7.9	8.5	-999.0	-999.0	8.4	8.3	-999.0	-999.0
2017	6	9	1	30	8.9	10.8	-999.0	-999.0	9.8	10.4	1.0	2.0	10.3	9.8	-999.0	-999.0	9.9	9.5	1.1	17.0	10.3	9.2	-999.0	-999.0	9.9	9.0	1.0	41.0	8.8	8.6	-999.0	-999.0	9.4	8.4	-999.0	-999.0
2017	6	9	1	40	8.6	10.5	-999.0	-999.0	9.9	10.3	1.1	330.0	10.3	9.8	-999.0	-999.0	9.6	9.6	1.6	360.0	10.1	9.4	-999.0	-999.0	10.1	9.3	0.7	40.0	9.1	8.7	-999.0	-999.0	9.5	8.3	-999.0	-999.0
2017	6	9	1	50	8.5	10.3	-999.0	-999.0	9.8	10.3	1.2	316.0	10.4	9.7	-999.0	-999.0	9.7	9.3	1.6	357.0	10.1	9.2	-999.0	-999.0	9.9	9.5	0.5	41.0	9.3	8.4	-999.0	-999.0	9.6	8.1	-999.0	-999.0
2017	6	9	2	0	8.6	10.4	-999.0	-999.0	10.0	10.1	1.9	347.0	10.6	9.6	-999.0	-999.0	9.9	9.3	1.1	14.0	10.3	9.7	-999.0	-999.0	10.3	9.2	0.8	20.0	9.4	8.0	-999.0	-999.0	9.5	8.4	-999.0	-999.0
2017	6	9	2	10	8.5	10.3	-999.0	-999.0	10.0	9.6	1.3	18.0	10.8	9.6	-999.0	-999.0	9.9	9.8	1.9	72.0	10.4	9.6	-999.0	-999.0	10.4	8.5	1.0	15.0	9.5	8.3	-999.0	-999.0	9.9	8.8	-999.0	-999.0
2017	6	9	2	20	7.8	9.7	-999.0	-999.0	10.1	9.6	1.3	16.0	10.8	9.2	-999.0	-999.0	9.9	9.9	2.2	71.0	10.1	9.6	-999.0	-999.0	10.4	8.4	0.9	25.0	9.5	8.1	-999.0	-999.0	9.6	8.2	-999.0	-999.0
2017	6	9	2	30	7.7	9.5	-999.0	-999.0	9.9	9.7	1.3	19.0	10.8	9.4	-999.0	-999.0	9.9	10.0	2.0	74.0	10.1	9.7	-999.0	-999.0	10.5	8.6	1.0	47.0	9.5	8.1	-999.0	-999.0	9.6	8.0	-999.0	-999.0
2017	6	9	2	40	7.8	9.6	-999.0	-999.0	9.4	9.9	0.8	27.0	10.8	9.4	-999.0	-999.0	9.9	9.9	2.4	71.0	10.0	9.6	-999.0	-999.0	10.3	9.5	1.8	68.0	9.5	8.5	-999.0	-999.0	9.7	8.1	-999.0	-999.0
2017	6	9	2	50	8.0	9.9	-999.0	-999.0	9.7	10.2	0.6	51.0	10.7	9.7	-999.0	-999.0	9.8	10.0	3.2	76.0	9.9	9.6	-999.0	-999.0	10.5	9.1	2.3	65.0	9.6	8.4	-999.0	-999.0	9.8	8.3	-999.0	-999.0
2017	6	9	3	0	8.1	9.8	-999.0	-999.0	9.7	10.3	2.1	66.0	10.6	9.8	-999.0	-999.0	9.6	10.0	3.6	75.0	9.8	9.5	-999.0	-999.0	10.5	9.1	1.8	59.0	9.8	8.4	-999.0	-999.0	10.0	8.4	-999.0	-999.0
2017	6	9	3	10	7.7	9.5	-999.0	-999.0	9.6	10.6	2.1	71.0	10.3	9.8	-999.0	-999.0	9.4	9.9	3.4	82.0	9.7	9.4	-999.0	-999.0	10.5	9.3	1.6	59.0	9.8	8.3	-999.0	-999.0	10.0	8.3	-999.0	-999.0
2017	6	9	3	20	8.1	9.8	-999.0	-999.0	9.4	10.4	0.6	111.0	10.3	9.8	-999.0	-999.0	9.3	9.9	1.8	90.0	9.6	9.4	-999.0	-999.0	10.5	9.4	1.6	71.0	9.6	8.5	-999.0	-999.0	9.8	8.1	-999.0	-999.0
2017	6	9	3	30	8.6	10.4	-999.0	-999.0	9.0	10.1	1.2	249.0	10.0	9.6	-999.0	-999.0	9.3	9.9	0.8	134.0	9.6	9.4	-999.0	-999.0	9.2	9.3	1.3	111.0	9.5	9.0	-999.0	-999.0	9.7	8.2	-999.0	-999.0
2017	6	9	3	40	8.7	10.5	-999.0	-999.0	9.3	10.2	1.5	257.0	9.9	9.5	-999.0	-999.0	9.1	9.7	0.8	177.0	9.5	9.2	-999.0	-999.0	9.4	9.5	0.9	128.0	9.5	8.9	-999.0	-999.0	9.7	8.0	-999.0	-999.0
2017	6	9	3	50	8.8	10.6	-999.0	-999.0	9.0	10.1	1.4	243.0	9.8	9.5	-999.0	-999.0	9.0	9.6	1.8	214.0	9.4	9.1	-999.0	-999.0	9.0	9.1	1.6	193.0	8.2	8.7	-999.0	-999.0	9.5	8.5	-999.0	-999.0
2017	6	9	4	0	8.9	10.7	-999.0	-999.0	9.1	10.3	1.1	256.0	9.9	9.6	-999.0	-999.0	9.0	9.7	1.4	235.0	9.3	9.1	-999.0	-999.0	9.6	9.5	1.4	204.0	8.8	9.2	-999.0	-999.0	9.6	8.2	-999.0	-999.0
2017	6	9	4	10	9.0	10.8	-999.0	-999.0	9.1	10.4	1.1	288.0	9.7	9.5	-999.0	-999.0	9.0	9.6	1.0	242.0	9.3	9.1	-999.0	-999.0	8.9	9.0	1.2	210.0	8.9	9.2	-999.0	-999.0	9.6	8.3	-999.0	-999.0
2017	6	9	4	20	8.9	10.7	-999.0	-999.0	9.2	10.4	0.7	294.0	9.7	9.5	-999.0	-999.0	8.9	9.5	1.0	258.0	9.2	9.0	-999.0	-999.0	9.6	9.6	0.7	218.0	9.3	8.9	-999.0	-999.0	9.7	8.4	-999.0	-999.0
2017	6	9	4	30	9.1	10.9	-999.0	-999.0	9.2	10.3	0.7	275.0	9.6	9.4	-999.0	-999.0	8.8	9.4	1.1	251.0	9.1	8.9	-999.0	-999.0	9.5	9.4	0.9	230.0	9.4	8.7	-999.0	-999.0	9.6	8.4	-999.0	-999.0
2017	6	9	4	40	9.1	10.9	-999.0	-999.0	9.0	10.2	1.3	243.0	9.4	9.2	-999.0	-999.0	8.6	9.3	1.5	243.0	8.9	8.7	-999.0	-999.0	9.7	9.6	1.3	238.0	9.4	8.7	-999.0	-999.0	9.6	8.4	-999.0	-999.0
2017	6	9	4	50	9.1	10.8	-999.0	-999.0	8.9	10.1	1.6	260.0	9.4	9.1	-999.0	-999.0	8.5	9.2	2.0	246.0	8.8	8.6	-999.0	-999.0	10.1	9.7	1.6	242.0	9.4	8.6	-999.0	-999.0	9.5	8.4	-999.0	-999.0
2017	6	9	5	0	9.0	10.8	-999.0	-999.0	8.9	10.0	1.3	271.0	9.3	9.1	-999.0	-999.0	8.6	9.2	1.7	253.0	10.6	9.5	-999.0	-999.0	10.2	9.4	2.3	252.0	9.3	8.6	-999.0	-999.0	9.5	8.4	-999.0	-999.0
2017	6	9	5	10	9.0	10.8	-999.0	-999.0	8.9	10.1	0.5	280.0	9.3	9.1	-999.0	-999.0	8.4	9.2	1.5	274.0	10.8	9.5	-999.0	-999.0	10.3	9.1	2.2	267.0	9.3	8.6	-999.0	-999.0	9.3	8.3	-999.0	-999.0
2017	6	9	5	20	9.0	10.7	-999.0	-999.0	8.7	9.9	1.4	269.0	9.1	8.9	-999.0	-999.0	8.3	8.9	1.7	269.0	10.4	9.3	-999.0	-999.0	10.3	9.0	1.8	269.0	9.2	8.7	-999.0	-999.0	9.3	8.3	-999.0	-999.0
2017	6	9	5	30	8.9	10.6	-999.0	-999.0	8.7	9.8	1.6	280.0	9.0	8.8	-999.0	-999.0	8.2	8.9	2.3	287.0	10.8	8.8	-999.0	-999.0	10.3	9.0	1.8	279.0	9.2	8.8	-999.0	-999.0	9.6	8.3	-999.0	-999.0
2017	6	9	5	40	8.7	10.4	-999.0	-999.0	8.5	9.7	1.3	296.0	8.9	8.7	-999.0	-999.0	8.0	8.8	2.0	295.0	10.7	8.8	-999.0	-999.0	10.3	8.9	1.7	277.0	9.2	8.8	-999.0	-999.0	9.5	8.4	-999.0	-999.0
2017	6	9	5	50	8.8	10.4	-999.0	-999.0	8.6	9.7	1.5	309.0	9.0	8.8	-999.0	-999.0	8.3	9.0	1.8	308.0	10.8	8.8	-999.0	-999.0	10.3	9.1	2.0	289.0	9.3	8.7	-999.0	-999.0	9.5	7.7	-999.0	-999.0
2017	6	9	6	0	8.9	10.5	-999.0	-999.0	8.6	9.8	1.2	332.0	9.1	8.8	-999.0	-999.0	9.0	9.4	2.0	318.0	10.7	8.8	-999.0	-999.0	10.3	9.1	2.2	296.0	9.3	8.6	-999.0	-999.0	9.4	7.8	-999.0	-999.0
2017	6	9	6	10	8.8	10.4	-999.0	-999.0	8.6	9.8	0.5	6.0	9.0	8.8	-999.0	-999.0	8.5	9.1	0.9	348.0	10.7	8.7	-999.0	-999.0	10.4	9.0	2.0	301.0	9.3	8.4	-999.0	-999.0	9.7	6.9	-999.0	-999.0
2017	6	9	6	20	8.8	10.6	-999.0	-999.0	8.8	9.9	0.4	351.0	9.1	8.9	-999.0	-999.0	8.5	9.2	1.1	338.0	10.7	8.7	-999.0	-999.0	10.3	9.0	2.1	308.0	9.3	8.3	-999.0	-999.0	9.6	7.0	-999.0	-999.0
2017	6	9	6	30	8.8	10.5	-999.0	-999.0	8.7	9.9	0.8	276.0	9.1	8.9	-999.0	-999.0	8.3	9.0	1.2	284.0	10.4	8.7	-999.0	-999.0	10.3	9.0	1.7	300.0	9.3	8.3	-999.0	-999.0	9.5	7.4	-999.0	-999.0
2017	6	9	6	40	8.9	10.6	-999.0	-999.0	8.8	10.0	0.7	292.0	9.1	8.9	-999.0	-999.0	8.6	9.2	1.1	330.0	10.5	8.7	-999.0	-999.0	10.3	9.2	1.8	290.0	9.2	8.3	-999.0	-999.0	9.5	7.4	-999.0	-999.0
2017	6	9	6	50	8.8	10.5	-999.0	-999.0	8.6	9.8	1.1	326.0	9.0	8.8	-999.0	-999.0	8.3	9.0	1.4	319.0	10.4	8.7	-999.0	-999.0	10.2	9.0	2.0	299.0	9.2	8.2	-999.0	-999.0	9.4	7.2	-999.0	-999.0
2017	6	9	7	0	8.9	10.6	-999.0	-999.0	8.7	9.9	0.8	309.0	9.2	9.0	-999.0	-999.0	8.5	9.2	1.2	297.0	10.4	8.7	-999.0	-999.0	10.2	9.2	2.0	291.0	9.1	8.5	-999.0	-999.0	9.5	7.2	-999.0	-999.0
2017	6	9	7	10	9.0	10.7	-999.0	-999.0	8.9	10.0	0.7	357.0	9.3	9.1	-999.0	-999.0	8.6	9.3	1.1	334.0	10.5	8.8	-999.0	-999.0	10.2	9.1	2.2	292.0	9.1	8.4	-999.0	-999.0	9.5	7.6	-999.0	-999.0
2017	6	9	7	20	9.0	10.6	-999.0	-999.0	8.9	10.0	1.0	340.0	9.3	9.1	-999.0	-999.0	8.5	9.2	1.2	315.0	10.5	8.9	-999.0	-999.0	10.1	9.3	2.7	291.0	9.1	8.1	-999.0	-999.0	9.4	7.5	-999.0	-999.0
2017	6	9	7	30	9.3	10.9	-999.0	-999.0	9.0	10.2	0.7	326.0	9.5	9.3	-999.0	-999.0	8.7	9.4	0.9	289.0	9.8	8.7	-999.0	-999.0	10.1	9.1	2.9	291.0	9.0	8.3	-999.0	-999.0	9.3	7.6	-999.0	-999.0
2017	6	9	7	40	9.3	11.0	-999.0	-999.0	9.2	10.3	0.9	334.0	9.5	9.3	-999.0	-999.0	8.7	9.4	0.7	296.0	9.3	8.9	-999.0	-999.0	10.0	9.2	2.9	297.0	9.0	8.3	-999.0	-999.0	9.3	7.8	-999.0	-999.0
2017	6	9	7	50	9.5	11.1	-999.0	-999.0	9.4	10.4	0.6	1.0	9.7	9.5	-999.0	-999.0	8.8	9.5	0.7	330.0	9.2	8.9	-999.0	-999.0	9.9	9.2	2.8	298.0	8.9	8.4	-999.0	-999.0	9.1	8.0	-999.0	-999.0
2017	6	9	8	0	9.5	11.2	-999.0	-999.0	9.2	10.5	1.2	349.0	9.7	9.5	-999.0	-999.0	8.8	9.5	1.6	357.0	9.2	8.9	-999.0	-999.0	9.8	9.1	3.6	303.0	9.0	8.3	-999.0	-999.0	9.1	8.0	-999.0	-999.0
2017	6	9	8	10	9.6	11.2	-999.0	-999.0	9.4	10.5	1.3	327.0	9.6	9.5	-999.0	-999.0	8.8	9.5	1.8	335.0	9.1	8.9	-999.0	-999.0	8.8	9.0	3.0	308.0	8.7	8.5	-999.0	-999.0	8.9	8.2	-999.0	-999.0
2017	6	9	8	20	9.6	11.2	-999.0	-999.0	9.4	10.5	1.8	310.0	9.7	9.6	-999.0	-999.0	8.9	9.5	2.1	326.0	9.2	8.9	-999.0	-999.0	8.8	9.0	2.8	326.0	8.7	8.5	-999.0	-999.0	9.5	7.8	-999.0	-999.0
2017	6	9	8	30	9.7	11.4	-999.0	-999.0	9.3	10.5	1.2	325.0	9.6	9.5	-999.0	-999.0	8.7	9.4	2.2	337.0	9.1	8.8	-999.0	-999.0	8.8	9.0	3.0	329.0	9.5	8.0	-999.0	-999.0	10.2	6.8	-999.0	-999.0
2017	6	9	8	40	9.9	11.6	-999.0	-999.0	9.5	10.6	1.5	322.0	9.9	9.6	-999.0	-999.0	9.0	9.7	1.9	327.0	9.3	9.1	-999.0	-999.0	9.1	9.3	2.3	337.0	8.3	8.5	-999.0	-999.0	10.2	6.9	-999.0	-999.0
2017	6	9	8	50	9.7	11.4	-999.0	-999.0	9.3	10.5	1.7	327.0	9.7	9.5	-999.0	-999.0	8.9	9.5	1.9	340.0	9.3	9.0	-999.0	-999.0	9.0	9.2	1.9	342.0	8.2	8.6	-999.0	-999.0	10.1	7.0	-999.0	-999.0
2017	6	9	9	0	9.8	11.5	-999.0	-999.0	9.5	10.6	1.4	344.0	9.8	9.6	-999.0	-999.0	8.9	9.6	2.0	348.0	9.3	9.1	-999.0	-999.0	9.1	9.3	1.8	351.0	8.2	8.7	-999.0	-999.0	10.1	7.0	-999.0	-999.0
2017	6	9	9	10	10.2	11.9	-999.0	-999.0	9.6	10.6	1.1	351.0	9.8	9.6	-999.0	-999.0	8.9	9.6	1.9	349.0	9.3	9.1	-999.0	-999.0	9.1	9.3	1.9	314.0	8.3	8.8	-999.0	-999.0	8.5	8.1	-999.0	-999.0
2017	6	9	9	20	10.0	11.5	-999.0	-999.0	9.8	10.7	1.4	359.0	9.9	9.7	-999.0	-999.0	9.0	9.6	1.7	345.0	9.4	9.1	-999.0	-999.0	9.1	9.4	1.4	287.0	8.3	8.9	-999.0	-999.0	8.7	8.1	-999.0	-999.0
2017	6	9	9	30	10.6	12.0	-999.0	-999.0	9.9	10.8	2.0	352.0	10.1	9.9	-999.0	-999.0	9.2	9.9	1.8	310.0	9.5	9.3	-999.0	-999.0	9.1	9.3	1.7	267.0	8.3	8.9	-999.0	-999.0	8.6	8.3	-999.0	-999.0
2017	6	9	9	40	10.6	11.6	-999.0	-999.0	10.1	11.0	1.3	352.0	10.3	10.0	-999.0	-999.0	9.3	9.9	1.7	327.0	9.5	9.3	-999.0	-999.0	9.2	9.5	1.3	289.0	8.5	9.1	-999.0	-999.0	8.8	8.6	-999.0	-999.0
2017	6	9	9	50	10.8	11.3	-999.0	-999.0	10.4	11.2	0.7	309.0	10.5	10.2	-999.0	-999.0	9.5	10.0	0.9	317.0	9.6	9.4	-999.0	-999.0	9.4	9.5	1.4	277.0	8.5	9.1	-999.0	-999.0	8.8	8.5	-999.0	-999.0
2017	6	9	10	0	11.1	10.8	-999.0	-999.0	10.5	11.2	1.6	312.0	10.6	10.3	-999.0	-999.0	9.7	10.0	2.1	308.0	9.8	9.4	-999.0	-999.0	9.3	9.5	1.7	263.0	8.5	9.1	-999.0	-999.0	8.9	8.7	-999.0	-999.0
2017	6	9	10	10	11.5	11.3	-999.0	-999.0	10.6	10.9	1.3	344.0	10.8	10.5	-999.0	-999.0	9.9	10.1	1.6	328.0	10.1	9.6	-999.0	-999.0	9.6	9.7	1.6	265.0	8.6	9.2	-999.0	-999.0	9.0	8.8	-999.0	-999.0
2017	6	9	10	20	11.1	10.3	-999.0	-999.0	10.6	10.7	1.9	294.0	10.8	10.3	-999.0	-999.0	9.8	10.0	2.3	296.0	10.0	9.5	-999.0	-999.0	9.5	9.4	2.0	281.0	8.3	9.0	-999.0	-999.0	8.6	8.5	-999.0	-999.0
2017	6	9	10	30	11.6	10.9	-999.0	-999.0	10.9	10.5	1.8	274.0	11.0	10.3	-999.0	-999.0	10.0	10.1	2.4	282.0	10.2	9.5	-999.0	-999.0	9.5	9.6	2.6	256.0	8.5	9.1	-999.0	-999.0	8.8	8.7	-999.0	-999.0
2017	6	9	10	40	11.6	10.9	-999.0	-999.0	11.0	10.3	2.0	271.0	11.1	9.9	-999.0	-999.0	10.1	10.0	2.9	273.0	10.2	9.4	-999.0	-999.0	9.6	9.5	2.9	255.0	8.4	9.0	-999.0	-999.0	8.7	8.6	-999.0	-999.0
2017	6	9	10	50	11.9	11.1	-999.0	-999.0	11.3	10.7	1.9	276.0	11.4	9.9	-999.0	-999.0	10.2	9.9	2.6	268.0	10.3	9.2	-999.0	-999.0	9.7	9.7	2.9	258.0	8.6	9.2	-999.0	-999.0	8.8	8.7	-999.0	-999.0
2017	6	9	11	0	11.7	10.6	-999.0	-999.0	11.2	10.2	2.5	300.0	11.2	9.3	-999.0	-999.0	10.2	9.4	3.1	294.0	10.3	8.9	-999.0	-999.0	9.6	9.6	2.6	249.0	8.5	9.1	-999.0	-999.0	8.7	8.5	-999.0	-999.0
2017	6	9	11	10	11.9	11.0	-999.0	-999.0	11.3	10.5	1.8	293.0	11.4	9.4	-999.0	-999.0	10.4	9.6	2.6	286.0	10.6	9.4	-999.0	-999.0	10.0	9.9	2.5	245.0	8.9	9.3	-999.0	-999.0	8.9	8.8	-999.0	-999.0
2017	6	9	11	20	12.2	10.8	-999.0	-999.0	11.6	10.6	1.8	259.0	11.7	9.9	-999.0	-999.0	10.6	9.8	2.0	260.0	10.6	9.3	-999.0	-999.0	9.9	9.7	2.4	241.0	8.9	9.3	-999.0	-999.0	9.0	8.7	-999.0	-999.0
2017	6	9	11	30	12.2	10.2	-999.0	-999.0	11.7	10.3	2.1	243.0	11.9	9.6	-999.0	-999.0	10.8	9.6	2.3	249.0	10.9	9.0	-999.0	-999.0	10.2	9.5	2.3	255.0	9.1	9.1	-999.0	-999.0	9.2	8.7	-999.0	-999.0
2017	6	9	11	40	12.9	10.1	-999.0	-999.0	11.8	9.5	2.2	237.0	11.9	8.9	-999.0	-999.0	10.9	9.0	2.5	254.0	11.0	8.7	-999.0	-999.0	10.3	9.4	2.2	254.0	9.3	9.0	-999.0	-999.0	9.5	8.5	-999.0	-999.0
2017	6	9	11	50	13.2	10.3	-999.0	-999.0	12.2	10.4	1.9	254.0	12.4	9.8	-999.0	-999.0	11.3	9.8	2.2	264.0	11.5	9.4	-999.0	-999.0	10.6	9.8	1.7	240.0	9.6	9.3	-999.0	-999.0	9.4	8.9	-999.0	-999.0
2017	6	9	12	0	12.9	11.0	-999.0	-999.0	12.3	10.8	2.3	298.0	12.4	9.9	-999.0	-999.0	11.3	10.0	2.9	297.0	11.4	9.5	-999.0	-999.0	10.6	10.0	2.6	270.0	9.6	9.3	-999.0	-999.0	9.6	9.0	-999.0	-999.0
2017	6	9	12	10	13.2	10.2	-999.0	-999.0	12.2	9.9	2.0	255.0	12.2	9.2	-999.0	-999.0	11.3	9.5	2.5	264.0	11.3	8.9	-999.0	-999.0	10.6	9.6	1.9	252.0	9.5	9.0	-999.0	-999.0	9.6	8.8	-999.0	-999.0
2017	6	9	12	20	13.6	9.9	-999.0	-999.0	13.1	10.2	2.0	236.0	13.2	9.6	-999.0	-999.0	12.2	9.9	2.0	227.0	12.2	9.4	-999.0	-999.0	11.4	10.2	1.7	230.0	10.4	9.3	-999.0	-999.0	9.9	8.8	-999.0	-999.0
2017	6	9	12	30	13.2	10.1	-999.0	-999.0	12.9	10.4	1.9	275.0	13.1	9.8	-999.0	-999.0	11.8	9.9	2.2	284.0	12.0	9.4	-999.0	-999.0	11.2	9.9	1.8	269.0	10.1	9.2	-999.0	-999.0	10.1	8.9	-999.0	-999.0
2017	6	9	12	40	13.3	10.1	-999.0	-999.0	12.9	10.4	2.0	301.0	13.1	9.8	-999.0	-999.0	11.8	9.7	2.2	326.0	11.8	9.0	-999.0	-999.0	11.4	9.9	1.2	298.0	10.6	9.0	-999.0	-999.0	11.1	8.8	-999.0	-999.0
2017	6	9	12	50	13.3	9.9	-999.0	-999.0	12.7	10.0	1.6	350.0	13.0	9.5	-999.0	-999.0	11.9	9.6	1.5	338.0	12.1	9.3	-999.0	-999.0	11.4	9.9	1.4	300.0	10.3	9.2	-999.0	-999.0	10.4	8.9	-999.0	-999.0
2017	6	9	13	0	13.3	10.1	-999.0	-999.0	12.8	10.0	1.3	315.0	13.2	9.6	-999.0	-999.0	12.1	9.7	1.2	298.0	12.3	9.2	-999.0	-999.0	11.6	10.2	0.9	244.0	10.8	9.1	-999.0	-999.0	10.7	8.9	-999.0	-999.0
2017	6	9	13	10	13.4	10.0	-999.0	-999.0	13.1	10.2	0.5	320.0	13.4	9.6	-999.0	-999.0	12.4	9.6	0.4	305.0	12.5	9.1	-999.0	-999.0	11.8	9.8	0.8	237.0	10.7	9.0	-999.0	-999.0	10.7	8.6	-999.0	-999.0
2017	6	9	13	20	13.8	10.8	-999.0	-999.0	13.2	10.0	0.9	354.0	13.6	9.4	-999.0	-999.0	12.8	9.4	0.7	332.0	12.8	9.0	-999.0	-999.0	12.1	9.8	0.7	214.0	11.0	9.1	-999.0	-999.0	11.0	8.8	-999.0	-999.0
2017	6	9	13	30	14.6	10.1	-999.0	-999.0	14.2	10.0	1.2	183.0	14.2	9.3	-999.0	-999.0	13.1	9.2	1.4	243.0	13.2	8.6	-999.0	-999.0	12.6	9.5	1.8	201.0	11.5	8.9	-999.0	-999.0	11.5	8.2	-999.0	-999.0
2017	6	9	13	40	14.4	10.3	-999.0	-999.0	13.8	10.3	2.0	247.0	14.1	9.8	-999.0	-999.0	12.9	9.9	2.1	240.0	13.1	9.4	-999.0	-999.0	12.3	10.0	1.7	208.0	11.4	9.5	-999.0	-999.0	11.4	9.4	-999.0	-999.0
2017	6	9	13	50	15.9	10.7	-999.0	-999.0	14.6	10.4	2.2	190.0	14.9	10.0	-999.0	-999.0	14.1	10.1	2.4	193.0	14.1	9.6	-999.0	-999.0	12.8	9.9	2.7	186.0	11.7	9.2	-999.0	-999.0	11.6	8.8	-999.0	-999.0
2017	6	9	14	0	15.5	10.1	-999.0	-999.0	14.3	9.9	2.8	215.0	14.6	9.5	-999.0	-999.0	13.5	9.5	3.5	202.0	13.3	8.7	-999.0	-999.0	12.5	9.6	3.6	188.0	11.4	8.7	-999.0	-999.0	11.6	8.2	-999.0	-999.0
2017	6	9	14	10	16.0	10.9	-999.0	-999.0	15.1	10.8	2.6	195.0	15.0	10.2	-999.0	-999.0	13.7	10.0	3.4	193.0	13.5	9.4	-999.0	-999.0	12.6	9.7	3.6	196.0	11.5	9.1	-999.0	-999.0	11.4	8.3	-999.0	-999.0
2017	6	9	14	20	15.3	10.3	-999.0	-999.0	15.0	10.3	2.9	163.0	15.0	9.7	-999.0	-999.0	13.6	9.7	3.3	175.0	13.9	9.1	-999.0	-999.0	12.8	9.7	2.9	179.0	11.4	9.0	-999.0	-999.0	11.5	8.5	-999.0	-999.0
2017	6	9	14	30	15.0	10.3	-999.0	-999.0	14.2	10.1	2.0	196.0	14.6	9.7	-999.0	-999.0	13.4	9.7	2.6	203.0	13.5	9.0	-999.0	-999.0	12.7	9.7	2.8	193.0	11.7	9.1	-999.0	-999.0	11.6	8.7	-999.0	-999.0
2017	6	9	14	40	15.7	9.7	-999.0	-999.0	15.2	9.7	1.9	198.0	15.2	9.3	-999.0	-999.0	14.0	9.2	2.4	197.0	14.3	8.8	-999.0	-999.0	13.1	9.1	3.1	186.0	11.9	8.3	-999.0	-999.0	12.0	8.0	-999.0	-999.0
2017	6	9	14	50	15.8	10.3	-999.0	-999.0	15.5	10.1	2.5	167.0	15.6	9.4	-999.0	-999.0	14.3	9.4	3.1	173.0	14.3	8.9	-999.0	-999.0	13.2	9.4	2.9	183.0	12.0	8.7	-999.0	-999.0	12.0	8.6	-999.0	-999.0
2017	6	9	15	0	15.6	9.9	-999.0	-999.0	15.3	9.9	2.4	164.0	15.5	9.4	-999.0	-999.0	14.2	9.5	3.0	174.0	14.1	8.8	-999.0	-999.0	13.4	9.4	2.7	169.0	12.1	8.6	-999.0	-999.0	11.9	8.5	-999.0	-999.0
2017	6	9	15	10	15.7	10.0	-999.0	-999.0	14.6	9.5	1.8	190.0	14.9	9.2	-999.0	-999.0	13.8	9.2	2.4	183.0	14.0	8.8	-999.0	-999.0	13.2	9.5	2.7	182.0	12.2	8.8	-999.0	-999.0	12.3	8.4	-999.0	-999.0
2017	6	9	15	20	16.3	9.5	-999.0	-999.0	15.7	9.7	1.9	296.0	15.9	9.3	-999.0	-999.0	14.4	9.2	2.0	265.0	14.2	8.4	-999.0	-999.0	13.5	8.9	1.8	232.0	12.3	8.3	-999.0	-999.0	12.4	8.1	-999.0	-999.0
2017	6	9	15	30	15.9	9.8	-999.0	-999.0	15.2	9.8	2.0	201.0	15.5	9.2	-999.0	-999.0	14.3	9.0	2.7	205.0	14.4	8.2	-999.0	-999.0	13.5	8.8	3.1	185.0	12.4	8.3	-999.0	-999.0	12.4	8.1	-999.0	-999.0
2017	6	9	15	40	16.2	9.5	-999.0	-999.0	15.6	9.2	2.6	181.0	15.8	8.9	-999.0	-999.0	14.5	9.0	3.6	184.0	14.6	8.4	-999.0	-999.0	13.8	9.0	3.5	179.0	12.7	8.3	-999.0	-999.0	12.4	8.0	-999.0	-999.0
2017	6	9	15	50	16.5	9.6	-999.0	-999.0	15.8	9.3	2.9	147.0	16.2	8.9	-999.0	-999.0	15.0	8.8	3.7	165.0	15.0	8.4	-999.0	-999.0	13.9	8.9	3.8	179.0	12.7	8.3	-999.0	-999.0	12.6	8.1	-999.0	-999.0
2017	6	9	16	0	16.8	8.9	-999.0	-999.0	16.1	8.7	3.2	175.0	16.2	8.4	-999.0	-999.0	14.9	8.4	3.6	184.0	15.0	7.9	-999.0	-999.0	13.9	8.4	3.3	181.0	12.5	8.0	-999.0	-999.0	12.6	7.7	-999.0	-999.0
2017	6	9	16	10	16.7	8.7	-999.0	-999.0	16.3	8.7	2.8	179.0	16.4	8.3	-999.0	-999.0	15.1	8.3	3.3	184.0	15.3	7.8	-999.0	-999.0	14.1	8.2	2.8	178.0	12.8	7.8	-999.0	-999.0	12.7	7.6	-999.0	-999.0
2017	6	9	16	20	17.1	9.2	-999.0	-999.0	16.3	9.1	2.2	194.0	16.0	8.6	-999.0	-999.0	14.8	8.6	3.2	203.0	15.1	8.0	-999.0	-999.0	14.2	8.5	3.7	190.0	13.2	8.1	-999.0	-999.0	12.9	7.7	-999.0	-999.0
2017	6	9	16	30	17.1	9.0	-999.0	-999.0	16.2	8.9	2.6	208.0	16.4	8.5	-999.0	-999.0	14.8	8.4	2.9	223.0	14.9	7.8	-999.0	-999.0	14.0	8.0	1.8	215.0	12.9	7.5	-999.0	-999.0	13.1	7.1	-999.0	-999.0
2017	6	9	16	40	17.1	9.0	-999.0	-999.0	16.6	8.8	1.9	201.0	16.6	8.4	-999.0	-999.0	15.2	8.2	2.5	214.0	15.0	7.5	-999.0	-999.0	14.1	7.9	1.7	208.0	13.2	7.6	-999.0	-999.0	13.1	7.3	-999.0	-999.0
2017	6	9	16	50	17.0	8.6	-999.0	-999.0	16.4	8.7	1.9	221.0	16.6	8.4	-999.0	-999.0	15.4	8.4	2.2	210.0	15.8	7.8	-999.0	-999.0	14.9	8.4	2.4	185.0	14.1	8.0	-999.0	-999.0	13.5	7.6	-999.0	-999.0
2017	6	9	17	0	17.2	8.7	-999.0	-999.0	16.3	8.6	1.9	224.0	16.4	8.2	-999.0	-999.0	15.2	8.3	2.5	240.0	15.2	7.7	-999.0	-999.0	14.4	8.0	1.9	211.0	13.4	7.7	-999.0	-999.0	13.3	7.4	-999.0	-999.0
2017	6	9	17	10	17.2	8.1	-999.0	-999.0	15.9	7.9	1.9	228.0	16.2	7.8	-999.0	-999.0	15.3	8.0	2.2	222.0	15.4	7.4	-999.0	-999.0	14.4	7.6	2.3	209.0	13.4	7.2	-999.0	-999.0	13.4	7.0	-999.0	-999.0
2017	6	9	17	20	17.7	8.7	-999.0	-999.0	17.3	8.7	2.4	179.0	17.3	8.4	-999.0	-999.0	15.7	8.1	2.6	194.0	15.8	7.5	-999.0	-999.0	14.8	7.8	2.2	200.0	13.9	7.6	-999.0	-999.0	13.5	7.3	-999.0	-999.0
2017	6	9	17	30	17.7	8.6	-999.0	-999.0	16.0	7.9	2.3	201.0	16.3	7.7	-999.0	-999.0	15.1	7.7	2.9	206.0	15.3	7.1	-999.0	-999.0	14.5	7.3	2.9	193.0	13.5	7.2	-999.0	-999.0	13.5	7.0	-999.0	-999.0
2017	6	9	17	40	17.6	8.7	-999.0	-999.0	17.0	8.5	2.0	180.0	16.9	8.2	-999.0	-999.0	15.6	8.3	2.2	200.0	16.0	7.7	-999.0	-999.0	14.7	7.7	2.6	203.0	13.5	7.2	-999.0	-999.0	13.5	7.0	-999.0	-999.0
2017	6	9	17	50	17.8	8.6	-999.0	-999.0	16.4	8.4	2.3	218.0	16.8	8.1	-999.0	-999.0	15.6	8.1	2.9	223.0	15.8	7.5	-999.0	-999.0	14.7	7.8	2.8	202.0	13.7	7.6	-999.0	-999.0	13.7	7.4	-999.0	-999.0
2017	6	9	18	0	17.3	9.1	-999.0	-999.0	16.2	8.9	2.3	224.0	16.5	8.4	-999.0	-999.0	15.3	8.3	2.8	214.0	15.5	7.7	-999.0	-999.0	14.6	8.0	2.6	214.0	13.6	7.8	-999.0	-999.0	13.6	7.5	-999.0	-999.0
2017	6	9	18	10	17.7	9.2	-999.0	-999.0	16.4	9.0	1.7	217.0	16.4	8.5	-999.0	-999.0	15.2	8.6	2.7	224.0	15.3	8.0	-999.0	-999.0	14.6	7.9	2.3	211.0	13.8	7.6	-999.0	-999.0	13.7	7.2	-999.0	-999.0
2017	6	9	18	20	17.4	8.1	-999.0	-999.0	16.4	8.0	2.0	241.0	16.6	7.8	-999.0	-999.0	15.5	7.8	2.8	239.0	15.7	7.2	-999.0	-999.0	14.7	7.6	1.6	234.0	13.7	7.5	-999.0	-999.0	13.8	7.3	-999.0	-999.0
2017	6	9	18	30	17.5	8.9	-999.0	-999.0	16.3	9.0	2.0	226.0	16.6	8.7	-999.0	-999.0	15.4	8.8	2.6	232.0	15.6	8.2	-999.0	-999.0	14.7	8.3	2.3	214.0	13.7	8.2	-999.0	-999.0	13.7	7.8	-999.0	-999.0
2017	6	9	18	40	17.5	8.9	-999.0	-999.0	16.2	8.7	2.4	237.0	16.5	8.3	-999.0	-999.0	15.4	8.5	2.7	241.0	15.7	8.0	-999.0	-999.0	14.9	8.0	1.5	208.0	14.0	7.9	-999.0	-999.0	13.9	7.7	-999.0	-999.0
2017	6	9	18	50	17.9	8.5	-999.0	-999.0	16.9	8.6	1.9	225.0	16.8	8.0	-999.0	-999.0	15.5	8.0	2.7	232.0	15.7	7.4	-999.0	-999.0	15.1	7.8	2.3	226.0	14.0	7.6	-999.0	-999.0	13.9	7.2	-999.0	-999.0
2017	6	9	19	0	17.4	9.9	-999.0	-999.0	16.4	10.0	2.2	249.0	16.7	9.5	-999.0	-999.0	15.4	9.6	3.2	252.0	15.7	9.1	-999.0	-999.0	14.8	9.1	2.5	239.0	13.9	8.5	-999.0	-999.0	14.0	7.6	-999.0	-999.0
2017	6	9	19	10	17.2	10.3	-999.0	-999.0	16.1	10.4	2.9	236.0	16.4	9.8	-999.0	-999.0	15.1	9.9	3.1	250.0	15.3	9.4	-999.0	-999.0	14.4	9.8	2.1	232.0	13.5	9.0	-999.0	-999.0	13.6	8.5	-999.0	-999.0
2017	6	9	19	20	16.9	10.5	-999.0	-999.0	15.8	10.5	3.1	236.0	15.9	9.8	-999.0	-999.0	14.9	10.1	3.6	245.0	15.0	9.5	-999.0	-999.0	14.2	10.1	3.2	235.0	13.3	9.5	-999.0	-999.0	13.3	9.0	-999.0	-999.0
2017	6	9	19	30	16.7	10.4	-999.0	-999.0	15.5	10.4	3.0	228.0	15.7	9.7	-999.0	-999.0	14.6	9.9	3.7	232.0	14.8	9.5	-999.0	-999.0	14.1	10.0	3.7	234.0	13.1	9.5	-999.0	-999.0	13.2	9.0	-999.0	-999.0
2017	6	9	19	40	16.4	10.5	-999.0	-999.0	15.5	10.7	2.8	229.0	15.7	10.1	-999.0	-999.0	14.5	10.1	3.5	240.0	14.7	9.6	-999.0	-999.0	13.8	10.1	4.0	231.0	12.9	9.3	-999.0	-999.0	13.1	8.9	-999.0	-999.0
2017	6	9	19	50	16.0	10.3	-999.0	-999.0	15.2	10.5	2.9	243.0	15.4	9.8	-999.0	-999.0	14.1	9.8	3.5	240.0	14.3	9.1	-999.0	-999.0	13.7	9.9	3.6	228.0	12.8	9.1	-999.0	-999.0	13.3	8.6	-999.0	-999.0
2017	6	9	20	0	15.9	10.0	-999.0	-999.0	14.9	10.1	2.9	226.0	15.1	9.5	-999.0	-999.0	14.0	9.6	3.7	237.0	14.2	9.1	-999.0	-999.0	13.6	9.7	3.6	237.0	12.7	8.8	-999.0	-999.0	13.1	8.7	-999.0	-999.0
2017	6	9	20	10	15.6	10.0	-999.0	-999.0	14.6	10.3	3.0	222.0	14.8	9.6	-999.0	-999.0	13.8	9.8	3.6	239.0	14.2	9.4	-999.0	-999.0	13.4	9.7	4.1	240.0	12.7	8.4	-999.0	-999.0	13.2	8.7	-999.0	-999.0
2017	6	9	20	20	15.5	10.0	-999.0	-999.0	14.6	10.3	3.1	227.0	15.0	9.6	-999.0	-999.0	13.9	9.7	3.2	238.0	14.1	9.1	-999.0	-999.0	13.5	9.4	4.4	240.0	12.6	8.9	-999.0	-999.0	13.1	8.6	-999.0	-999.0
2017	6	9	20	30	15.3	10.1	-999.0	-999.0	14.6	10.3	2.7	237.0	14.8	9.5	-999.0	-999.0	13.8	9.4	3.4	242.0	14.1	8.8	-999.0	-999.0	13.6	9.1	4.7	237.0	12.9	8.9	-999.0	-999.0	13.1	8.9	-999.0	-999.0
2017	6	9	20	40	14.8	9.9	-999.0	-999.0	14.1	10.3	2.8	236.0	14.4	9.4	-999.0	-999.0	13.4	9.4	4.1	247.0	13.7	8.9	-999.0	-999.0	13.5	9.5	5.3	239.0	12.9	9.1	-999.0	-999.0	13.1	9.0	-999.0	-999.0
2017	6	9	20	50	14.6	10.0	-999.0	-999.0	14.1	10.4	2.6	233.0	14.4	9.6	-999.0	-999.0	13.3	9.5	3.8	249.0	13.7	8.9	-999.0	-999.0	13.5	9.8	5.7	244.0	12.9	9.3	-999.0	-999.0	13.1	9.0	-999.0	-999.0
2017	6	9	21	0	14.3	10.0	-999.0	-999.0	14.0	10.4	2.2	236.0	14.3	9.6	-999.0	-999.0	13.3	9.6	3.2	249.0	13.7	8.9	-999.0	-999.0	13.5	10.1	6.4	246.0	12.9	9.5	-999.0	-999.0	13.3	9.0	-999.0	-999.0
2017	6	9	21	10	14.1	9.9	-999.0	-999.0	13.9	10.3	2.1	246.0	14.2	9.5	-999.0	-999.0	13.2	9.6	3.3	246.0	13.6	8.9	-999.0	-999.0	13.8	10.3	6.1	246.0	13.0	9.7	-999.0	-999.0	13.2	9.3	-999.0	-999.0
2017	6	9	21	20	13.8	10.2	-999.0	-999.0	13.7	10.5	2.1	247.0	14.1	9.7	-999.0	-999.0	13.1	9.8	3.2	245.0	13.3	9.3	-999.0	-999.0	13.6	10.4	5.7	255.0	12.9	9.8	-999.0	-999.0	13.1	9.5	-999.0	-999.0
2017	6	9	21	30	13.6	10.5	-999.0	-999.0	13.6	10.6	2.0	232.0	14.1	9.9	-999.0	-999.0	13.0	10.0	2.9	245.0	13.4	9.4	-999.0	-999.0	13.7	10.7	5.6	260.0	13.0	10.1	-999.0	-999.0	13.2	9.7	-999.0	-999.0
2017	6	9	21	40	13.3	10.6	-999.0	-999.0	13.5	10.8	1.7	232.0	13.9	10.0	-999.0	-999.0	12.9	10.1	2.8	248.0	13.6	9.6	-999.0	-999.0	13.9	10.8	5.9	270.0	13.1	10.2	-999.0	-999.0	13.2	9.7	-999.0	-999.0
2017	6	9	21	50	12.7	10.9	-999.0	-999.0	13.3	10.9	1.9	231.0	13.8	10.0	-999.0	-999.0	13.0	10.2	3.3	246.0	13.8	10.0	-999.0	-999.0	14.0	10.9	5.7	274.0	13.1	9.9	-999.0	-999.0	13.4	9.1	-999.0	-999.0
2017	6	9	22	0	12.6	11.7	-999.0	-999.0	13.0	11.0	2.0	224.0	13.5	10.2	-999.0	-999.0	12.9	10.4	3.6	245.0	13.9	10.2	-999.0	-999.0	14.1	10.6	5.4	278.0	13.2	9.6	-999.0	-999.0	13.3	9.2	-999.0	-999.0
2017	6	9	22	10	12.2	11.8	-999.0	-999.0	12.9	11.0	2.0	226.0	13.4	10.2	-999.0	-999.0	13.0	10.6	3.6	251.0	14.2	10.3	-999.0	-999.0	14.2	9.8	4.9	282.0	13.2	9.5	-999.0	-999.0	13.3	9.2	-999.0	-999.0
2017	6	9	22	20	12.0	12.1	-999.0	-999.0	12.6	11.0	2.4	239.0	13.2	10.3	-999.0	-999.0	12.8	10.7	4.6	256.0	13.8	10.3	-999.0	-999.0	14.1	10.3	5.2	279.0	13.2	9.0	-999.0	-999.0	13.3	8.7	-999.0	-999.0
2017	6	9	22	30	11.8	12.3	-999.0	-999.0	12.3	11.1	2.8	244.0	13.0	10.4	-999.0	-999.0	12.7	10.7	5.3	260.0	13.9	10.3	-999.0	-999.0	14.0	10.6	5.5	279.0	13.1	9.4	-999.0	-999.0	13.3	8.8	-999.0	-999.0
2017	6	9	22	40	11.6	12.3	-999.0	-999.0	12.1	11.3	2.6	243.0	12.7	10.5	-999.0	-999.0	12.7	10.8	5.5	261.0	13.9	10.4	-999.0	-999.0	13.9	10.9	5.6	278.0	13.0	10.0	-999.0	-999.0	13.2	9.1	-999.0	-999.0
2017	6	9	22	50	11.5	12.5	-999.0	-999.0	11.8	11.3	2.7	245.0	12.4	10.5	-999.0	-999.0	12.9	10.8	6.3	263.0	13.6	10.5	-999.0	-999.0	13.6	11.0	5.7	270.0	12.9	10.2	-999.0	-999.0	13.1	9.6	-999.0	-999.0
2017	6	9	23	0	11.3	12.5	-999.0	-999.0	11.6	11.4	2.2	258.0	12.3	10.5	-999.0	-999.0	12.9	10.9	5.9	271.0	13.6	10.7	-999.0	-999.0	13.7	11.2	5.7	274.0	12.9	10.3	-999.0	-999.0	13.0	9.7	-999.0	-999.0
2017	6	9	23	10	10.8	12.3	-999.0	-999.0	11.6	11.5	2.4	257.0	12.3	10.6	-999.0	-999.0	13.0	11.3	6.0	275.0	13.7	10.9	-999.0	-999.0	13.7	11.2	5.8	278.0	12.8	10.3	-999.0	-999.0	13.0	9.7	-999.0	-999.0
2017	6	9	23	20	10.8	12.5	-999.0	-999.0	11.3	11.4	2.7	254.0	12.1	10.6	-999.0	-999.0	12.7	11.1	6.1	276.0	13.6	10.9	-999.0	-999.0	13.7	11.2	6.2	282.0	12.8	10.2	-999.0	-999.0	13.0	9.6	-999.0	-999.0
2017	6	9	23	30	10.7	12.4	-999.0	-999.0	11.3	11.5	2.4	257.0	12.2	10.7	-999.0	-999.0	12.8	11.3	6.0	278.0	14.1	10.7	-999.0	-999.0	13.7	10.9	6.3	285.0	12.8	10.1	-999.0	-999.0	12.9	9.6	-999.0	-999.0
2017	6	9	23	40	10.5	12.4	-999.0	-999.0	11.1	11.4	2.6	255.0	12.1	10.7	-999.0	-999.0	12.7	11.3	6.0	278.0	14.0	10.7	-999.0	-999.0	13.7	10.9	6.4	286.0	12.7	10.1	-999.0	-999.0	13.0	9.3	-999.0	-999.0
2017	6	9	23	50	10.3	12.2	-999.0	-999.0	11.0	11.5	2.8	261.0	12.0	10.7	-999.0	-999.0	12.7	11.3	6.4	279.0	13.5	10.8	-999.0	-999.0	13.3	11.2	6.5	284.0	12.5	10.4	-999.0	-999.0	12.9	9.4	-999.0	-999.0
2017	6	9	0	0	10.3	12.3	-999.0	-999.0	11.1	11.5	2.8	266.0	12.6	11.0	-999.0	-999.0	13.2	11.3	6.7	287.0	13.7	10.8	-999.0	-999.0	13.5	11.2	6.9	286.0	12.8	10.1	-999.0	-999.0	13.0	9.2	-999.0	-999.0
