# year	month	day	hour(utc+3)	minute	T_2	TD_2	U_2	WD_2	T_26	TD_26	U_26	WD_26	T_49	TD_49	U_49	WD_49	T_92	TD_92	U_92	WD_92	T_141	TD_141	U_141	WD_141	T_217	TD_217	U_217	WD_217	T_265	TD_265	U_265	WD_265	T_327	TD_327	U_327	WD_327
2017	12	5	0	0	-1.3	-3.4	-999.0	-999.0	-1.7	-3.8	2.7	319.0	-1.5	-3.7	-999.0	-999.0	-1.8	-4.0	5.3	324.0	-2.3	-4.1	-999.0	-999.0	-2.8	-3.5	7.4	312.0	-3.9	-4.3	-999.0	-999.0	-3.9	-4.8	8.3	307.0
2017	12	5	0	10	-1.4	-3.6	-999.0	-999.0	-1.8	-4.0	2.8	319.0	-1.6	-3.8	-999.0	-999.0	-1.9	-4.1	5.4	325.0	-2.3	-4.2	-999.0	-999.0	-2.9	-3.4	7.4	309.0	-4.0	-4.2	-999.0	-999.0	-4.0	-4.7	7.7	303.0
2017	12	5	0	20	-1.5	-3.4	-999.0	-999.0	-1.9	-4.0	2.8	318.0	-1.7	-3.8	-999.0	-999.0	-1.9	-4.1	5.4	318.0	-2.4	-4.2	-999.0	-999.0	-3.0	-3.3	7.0	304.0	-4.0	-4.2	-999.0	-999.0	-4.0	-4.7	7.8	302.0
2017	12	5	0	30	-1.5	-3.4	-999.0	-999.0	-1.8	-4.0	2.6	314.0	-1.7	-3.9	-999.0	-999.0	-2.0	-4.1	5.0	316.0	-2.4	-4.3	-999.0	-999.0	-3.0	-3.6	7.3	306.0	-4.0	-4.4	-999.0	-999.0	-4.0	-4.8	7.6	303.0
2017	12	5	0	40	-1.5	-3.5	-999.0	-999.0	-1.9	-3.9	2.6	312.0	-1.7	-3.8	-999.0	-999.0	-2.1	-4.1	4.9	316.0	-2.4	-4.2	-999.0	-999.0	-3.1	-3.3	7.0	303.0	-4.1	-4.2	-999.0	-999.0	-4.0	-4.7	7.5	301.0
2017	12	5	0	50	-1.6	-3.3	-999.0	-999.0	-2.0	-3.9	2.4	311.0	-1.8	-3.8	-999.0	-999.0	-2.1	-4.0	4.5	310.0	-2.5	-4.1	-999.0	-999.0	-3.1	-3.3	6.4	302.0	-4.1	-4.1	-999.0	-999.0	-3.3	-5.2	7.6	305.0
2017	12	5	1	0	-1.6	-3.4	-999.0	-999.0	-2.0	-3.9	2.5	304.0	-1.8	-3.8	-999.0	-999.0	-2.1	-4.0	4.7	310.0	-2.5	-4.1	-999.0	-999.0	-3.1	-3.4	6.9	303.0	-4.0	-4.3	-999.0	-999.0	-3.0	-6.0	8.4	310.0
2017	12	5	1	10	-1.6	-3.5	-999.0	-999.0	-2.0	-4.0	2.6	307.0	-1.8	-3.8	-999.0	-999.0	-2.2	-4.1	4.7	314.0	-2.6	-4.1	-999.0	-999.0	-3.2	-3.5	7.2	306.0	-3.8	-4.8	-999.0	-999.0	-2.8	-6.3	9.6	313.0
2017	12	5	1	20	-1.6	-3.4	-999.0	-999.0	-2.1	-3.8	2.3	303.0	-1.9	-3.7	-999.0	-999.0	-2.2	-4.0	4.4	309.0	-2.7	-4.0	-999.0	-999.0	-3.3	-3.3	6.6	298.0	-3.6	-4.4	-999.0	-999.0	-2.2	-6.7	10.0	310.0
2017	12	5	1	30	-1.7	-3.4	-999.0	-999.0	-2.0	-4.0	2.3	295.0	-1.8	-3.8	-999.0	-999.0	-2.2	-3.9	4.4	303.0	-2.6	-3.9	-999.0	-999.0	-3.1	-3.1	6.7	296.0	-3.3	-5.2	-999.0	-999.0	-2.1	-7.5	10.6	312.0
2017	12	5	1	40	-1.7	-3.3	-999.0	-999.0	-2.1	-3.8	2.5	291.0	-1.9	-3.6	-999.0	-999.0	-2.2	-3.9	4.5	300.0	-2.6	-3.9	-999.0	-999.0	-2.9	-3.2	7.2	295.0	-2.9	-5.2	-999.0	-999.0	-1.6	-6.5	10.9	308.0
2017	12	5	1	50	-1.7	-3.3	-999.0	-999.0	-2.2	-3.7	2.3	283.0	-2.0	-3.6	-999.0	-999.0	-2.3	-3.7	4.4	297.0	-2.7	-3.9	-999.0	-999.0	-2.5	-3.8	8.1	300.0	-2.3	-5.0	-999.0	-999.0	-1.3	-6.5	11.5	308.0
2017	12	5	2	0	-1.8	-3.2	-999.0	-999.0	-2.2	-3.7	2.4	284.0	-2.0	-3.6	-999.0	-999.0	-2.4	-3.7	4.6	296.0	-2.6	-4.0	-999.0	-999.0	-2.2	-3.9	8.6	304.0	-1.4	-5.9	-999.0	-999.0	-1.1	-7.3	11.5	304.0
2017	12	5	2	10	-1.8	-3.2	-999.0	-999.0	-2.2	-3.7	2.3	281.0	-2.0	-3.5	-999.0	-999.0	-2.3	-3.7	4.5	292.0	-2.5	-3.9	-999.0	-999.0	-0.4	-5.6	9.4	308.0	-1.2	-6.7	-999.0	-999.0	-1.1	-5.4	11.0	302.0
2017	12	5	2	20	-1.8	-3.2	-999.0	-999.0	-2.3	-3.6	2.7	284.0	-2.1	-3.4	-999.0	-999.0	-2.3	-3.7	5.2	296.0	-2.4	-3.9	-999.0	-999.0	-0.7	-3.7	9.6	307.0	-1.3	-5.3	-999.0	-999.0	-1.1	-4.6	10.7	300.0
2017	12	5	2	30	-1.8	-3.2	-999.0	-999.0	-2.3	-3.6	2.5	286.0	-2.0	-3.5	-999.0	-999.0	-2.3	-3.6	5.2	295.0	-2.6	-3.9	-999.0	-999.0	-0.7	-1.8	10.0	301.0	-1.4	-2.2	-999.0	-999.0	-1.1	-3.0	11.1	295.0
2017	12	5	2	40	-1.9	-3.2	-999.0	-999.0	-2.3	-3.6	2.4	287.0	-2.0	-3.4	-999.0	-999.0	-2.2	-3.6	5.1	288.0	-2.5	-3.7	-999.0	-999.0	-1.1	-1.7	10.3	297.0	-1.3	-2.5	-999.0	-999.0	-1.2	-3.0	11.8	293.0
2017	12	5	2	50	-2.0	-3.2	-999.0	-999.0	-2.3	-3.6	2.6	284.0	-2.0	-3.3	-999.0	-999.0	-2.1	-3.4	5.6	288.0	-2.4	-3.5	-999.0	-999.0	-1.9	-2.4	9.5	288.0	-2.1	-2.3	-999.0	-999.0	-1.5	-2.8	11.8	288.0
2017	12	5	3	0	-2.2	-3.2	-999.0	-999.0	-2.4	-3.4	2.1	271.0	-2.0	-3.2	-999.0	-999.0	-2.2	-3.3	4.5	283.0	-2.3	-3.1	-999.0	-999.0	-1.4	-1.8	10.6	288.0	-1.8	-2.3	-999.0	-999.0	-1.6	-3.1	12.3	286.0
2017	12	5	3	10	-2.4	-3.2	-999.0	-999.0	-2.4	-3.4	2.4	266.0	-2.0	-3.2	-999.0	-999.0	-2.1	-3.1	5.0	286.0	-1.8	-2.8	-999.0	-999.0	-1.1	-1.5	11.6	288.0	-1.7	-2.4	-999.0	-999.0	-1.3	-3.4	11.8	286.0
2017	12	5	3	20	-2.4	-3.2	-999.0	-999.0	-2.4	-3.3	2.4	270.0	-1.9	-3.0	-999.0	-999.0	-1.9	-3.0	5.3	290.0	-2.0	-3.0	-999.0	-999.0	-0.9	-1.5	11.2	291.0	-1.6	-2.3	-999.0	-999.0	-1.1	-2.8	12.3	290.0
2017	12	5	3	30	-2.4	-3.1	-999.0	-999.0	-2.3	-3.2	2.4	275.0	-1.8	-2.8	-999.0	-999.0	-1.9	-2.8	5.5	289.0	-1.6	-2.7	-999.0	-999.0	-0.6	-1.2	10.5	290.0	-1.1	-2.8	-999.0	-999.0	-0.9	-3.5	12.0	291.0
2017	12	5	3	40	-2.4	-3.0	-999.0	-999.0	-2.4	-3.2	2.4	275.0	-1.9	-2.9	-999.0	-999.0	-1.6	-2.6	5.9	288.0	-1.6	-2.5	-999.0	-999.0	-1.0	-1.8	11.2	293.0	-1.8	-2.8	-999.0	-999.0	-1.2	-2.7	12.7	291.0
2017	12	5	3	50	-2.1	-2.8	-999.0	-999.0	-2.2	-3.0	2.5	266.0	-1.8	-2.6	-999.0	-999.0	-1.7	-2.6	6.1	286.0	-1.8	-2.6	-999.0	-999.0	-1.6	-1.6	11.8	289.0	-1.6	-2.0	-999.0	-999.0	-1.1	-2.9	13.1	288.0
2017	12	5	4	0	-1.9	-2.7	-999.0	-999.0	-2.2	-3.0	2.6	265.0	-1.8	-2.7	-999.0	-999.0	-1.9	-2.6	5.5	284.0	-1.8	-2.3	-999.0	-999.0	-1.2	-1.2	11.0	293.0	-1.4	-2.2	-999.0	-999.0	-0.9	-3.2	12.1	295.0
2017	12	5	4	10	-1.7	-2.5	-999.0	-999.0	-2.1	-3.0	2.8	264.0	-1.8	-2.7	-999.0	-999.0	-2.0	-2.6	5.6	282.0	-2.1	-2.6	-999.0	-999.0	-2.1	-1.8	10.4	293.0	-1.9	-2.4	-999.0	-999.0	-1.3	-2.8	12.6	297.0
2017	12	5	4	20	-1.6	-2.4	-999.0	-999.0	-2.0	-2.8	2.9	265.0	-1.8	-2.5	-999.0	-999.0	-1.9	-2.5	5.6	281.0	-1.7	-2.0	-999.0	-999.0	-0.9	-0.8	10.9	292.0	-1.5	-1.8	-999.0	-999.0	-1.3	-2.5	11.4	293.0
2017	12	5	4	30	-1.6	-2.4	-999.0	-999.0	-2.0	-2.7	2.5	268.0	-1.7	-2.5	-999.0	-999.0	-1.8	-2.3	5.3	287.0	-2.0	-2.7	-999.0	-999.0	-1.5	-1.6	11.2	296.0	-1.9	-2.3	-999.0	-999.0	-1.6	-3.1	11.6	294.0
2017	12	5	4	40	-1.5	-2.3	-999.0	-999.0	-2.0	-2.6	2.3	276.0	-1.7	-2.4	-999.0	-999.0	-1.9	-2.5	5.3	289.0	-1.9	-2.4	-999.0	-999.0	-1.6	-1.5	10.8	292.0	-2.3	-2.2	-999.0	-999.0	-1.4	-2.8	12.4	293.0
2017	12	5	4	50	-1.4	-2.2	-999.0	-999.0	-1.8	-2.5	2.2	271.0	-1.6	-2.4	-999.0	-999.0	-1.6	-2.4	5.6	286.0	-1.8	-2.5	-999.0	-999.0	-0.7	-1.1	10.6	290.0	-1.6	-2.1	-999.0	-999.0	-1.5	-2.7	12.5	291.0
2017	12	5	5	0	-1.3	-2.1	-999.0	-999.0	-1.7	-2.5	2.3	268.0	-1.6	-2.3	-999.0	-999.0	-1.8	-2.4	5.4	283.0	-2.0	-2.2	-999.0	-999.0	-2.0	-1.6	9.8	287.0	-2.1	-2.2	-999.0	-999.0	-1.6	-2.7	11.7	292.0
2017	12	5	5	10	-1.3	-2.0	-999.0	-999.0	-1.6	-2.4	2.1	271.0	-1.5	-2.2	-999.0	-999.0	-1.6	-2.1	4.8	286.0	-1.9	-2.1	-999.0	-999.0	-1.8	-1.4	9.5	289.0	-2.4	-2.1	-999.0	-999.0	-1.3	-3.1	12.3	293.0
2017	12	5	5	20	-1.2	-2.0	-999.0	-999.0	-1.7	-2.3	1.9	282.0	-1.5	-2.1	-999.0	-999.0	-1.7	-2.2	4.3	289.0	-1.9	-2.1	-999.0	-999.0	-2.3	-1.7	8.3	283.0	-2.9	-2.3	-999.0	-999.0	-1.8	-2.8	12.1	292.0
2017	12	5	5	30	-1.3	-2.0	-999.0	-999.0	-1.6	-2.3	1.9	271.0	-1.4	-2.0	-999.0	-999.0	-1.7	-2.2	4.0	288.0	-1.9	-2.1	-999.0	-999.0	-2.2	-1.6	8.2	282.0	-2.9	-2.1	-999.0	-999.0	-1.7	-2.6	12.1	294.0
2017	12	5	5	40	-1.2	-1.9	-999.0	-999.0	-1.7	-2.2	2.1	266.0	-1.4	-2.1	-999.0	-999.0	-1.6	-2.1	4.5	287.0	-1.9	-2.0	-999.0	-999.0	-2.1	-1.5	8.8	284.0	-2.8	-2.0	-999.0	-999.0	-1.8	-2.7	12.4	294.0
2017	12	5	5	50	-1.2	-1.9	-999.0	-999.0	-1.6	-2.2	2.3	277.0	-1.3	-2.1	-999.0	-999.0	-1.5	-2.1	4.7	291.0	-1.8	-2.0	-999.0	-999.0	-2.0	-1.4	9.6	285.0	-2.8	-1.9	-999.0	-999.0	-1.6	-2.9	12.6	295.0
2017	12	5	6	0	-1.1	-1.8	-999.0	-999.0	-1.5	-2.3	2.4	279.0	-1.3	-2.0	-999.0	-999.0	-1.5	-2.0	5.3	293.0	-1.7	-2.1	-999.0	-999.0	-1.9	-1.4	10.1	287.0	-2.4	-1.9	-999.0	-999.0	-1.3	-5.1	12.5	295.0
2017	12	5	6	10	-1.0	-1.8	-999.0	-999.0	-1.4	-2.2	2.7	286.0	-1.2	-2.0	-999.0	-999.0	-1.3	-2.1	5.8	295.0	-1.4	-2.0	-999.0	-999.0	-0.9	-1.9	11.0	293.0	-1.6	-4.2	-999.0	-999.0	-1.4	-5.1	13.1	293.0
2017	12	5	6	20	-0.9	-1.7	-999.0	-999.0	-1.3	-2.2	2.8	282.0	-1.0	-2.0	-999.0	-999.0	-1.2	-2.2	5.9	294.0	-1.3	-2.7	-999.0	-999.0	-0.9	-3.4	10.7	295.0	-1.7	-4.6	-999.0	-999.0	-1.5	-5.2	12.6	293.0
2017	12	5	6	30	-0.8	-1.7	-999.0	-999.0	-1.2	-2.1	2.6	277.0	-1.0	-1.9	-999.0	-999.0	-1.2	-2.1	5.8	290.0	-1.5	-2.2	-999.0	-999.0	-1.5	-1.8	10.5	297.0	-1.9	-3.8	-999.0	-999.0	-1.7	-4.7	12.7	296.0
2017	12	5	6	40	-0.7	-1.7	-999.0	-999.0	-1.1	-2.1	2.6	283.0	-0.9	-1.9	-999.0	-999.0	-1.2	-2.1	5.4	294.0	-1.4	-2.2	-999.0	-999.0	-1.2	-2.3	10.4	295.0	-1.9	-4.2	-999.0	-999.0	-1.6	-4.8	13.3	293.0
2017	12	5	6	50	-0.7	-1.7	-999.0	-999.0	-1.1	-2.1	2.8	277.0	-0.9	-1.9	-999.0	-999.0	-1.1	-2.2	5.8	294.0	-1.2	-2.5	-999.0	-999.0	-1.0	-2.8	10.4	296.0	-1.5	-4.5	-999.0	-999.0	-1.5	-5.1	13.2	294.0
2017	12	5	7	0	-0.6	-1.6	-999.0	-999.0	-1.1	-2.1	2.5	283.0	-0.9	-1.9	-999.0	-999.0	-1.1	-2.1	5.2	294.0	-1.3	-2.3	-999.0	-999.0	-1.3	-2.4	9.7	295.0	-2.1	-3.6	-999.0	-999.0	-1.8	-4.4	12.3	294.0
2017	12	5	7	10	-0.7	-1.7	-999.0	-999.0	-1.0	-2.1	2.3	278.0	-0.8	-2.0	-999.0	-999.0	-1.0	-2.2	5.2	293.0	-1.2	-2.4	-999.0	-999.0	-1.3	-2.4	9.1	291.0	-1.9	-4.0	-999.0	-999.0	-1.5	-5.0	12.3	292.0
2017	12	5	7	20	-0.8	-1.7	-999.0	-999.0	-1.1	-2.1	1.9	278.0	-0.8	-1.9	-999.0	-999.0	-0.9	-2.3	4.4	291.0	-0.9	-2.8	-999.0	-999.0	-0.7	-3.3	9.3	295.0	-1.6	-4.7	-999.0	-999.0	-1.4	-5.3	12.4	295.0
2017	12	5	7	30	-0.8	-1.8	-999.0	-999.0	-1.0	-2.2	2.4	271.0	-0.7	-2.0	-999.0	-999.0	-0.9	-2.3	4.7	290.0	-1.1	-2.6	-999.0	-999.0	-1.0	-3.1	9.5	296.0	-1.8	-4.8	-999.0	-999.0	-1.5	-5.5	12.1	295.0
2017	12	5	7	40	-1.0	-1.8	-999.0	-999.0	-1.2	-2.1	2.1	270.0	-0.8	-2.0	-999.0	-999.0	-0.9	-2.1	4.5	289.0	-1.1	-2.4	-999.0	-999.0	-1.4	-2.2	8.2	294.0	-2.2	-3.3	-999.0	-999.0	-1.5	-4.4	11.0	297.0
2017	12	5	7	50	-1.1	-1.8	-999.0	-999.0	-1.2	-2.0	1.9	249.0	-0.8	-1.9	-999.0	-999.0	-0.9	-2.2	4.1	285.0	-1.3	-2.3	-999.0	-999.0	-1.4	-1.7	7.7	289.0	-1.9	-3.6	-999.0	-999.0	-1.4	-5.2	11.0	293.0
2017	12	5	8	0	-1.3	-1.8	-999.0	-999.0	-1.2	-2.1	2.3	249.0	-0.9	-1.9	-999.0	-999.0	-0.9	-2.1	4.4	284.0	-1.2	-2.3	-999.0	-999.0	-1.4	-2.0	8.5	288.0	-2.1	-3.4	-999.0	-999.0	-1.5	-3.7	12.1	292.0
2017	12	5	8	10	-1.2	-1.7	-999.0	-999.0	-1.4	-2.1	2.3	248.0	-1.0	-1.9	-999.0	-999.0	-0.9	-2.1	4.7	284.0	-1.1	-2.2	-999.0	-999.0	-1.6	-1.6	8.3	285.0	-2.1	-2.9	-999.0	-999.0	-1.6	-4.7	11.9	290.0
2017	12	5	8	20	-1.3	-1.8	-999.0	-999.0	-1.3	-2.1	1.9	255.0	-0.8	-1.8	-999.0	-999.0	-0.9	-2.1	4.3	288.0	-1.2	-2.3	-999.0	-999.0	-1.3	-2.1	8.2	287.0	-1.8	-4.2	-999.0	-999.0	-1.4	-5.4	11.5	291.0
2017	12	5	8	30	-1.6	-2.1	-999.0	-999.0	-1.4	-2.1	2.4	246.0	-0.8	-1.9	-999.0	-999.0	-0.9	-2.3	4.6	286.0	-1.0	-2.6	-999.0	-999.0	-1.2	-2.7	9.1	289.0	-1.7	-4.4	-999.0	-999.0	-1.5	-5.1	11.0	290.0
2017	12	5	8	40	-1.6	-2.0	-999.0	-999.0	-1.4	-2.2	2.3	255.0	-0.9	-2.0	-999.0	-999.0	-0.8	-2.3	4.7	290.0	-1.1	-2.6	-999.0	-999.0	-1.4	-2.0	8.8	285.0	-2.2	-2.9	-999.0	-999.0	-1.5	-3.6	11.8	289.0
2017	12	5	8	50	-1.8	-2.1	-999.0	-999.0	-1.6	-2.3	2.2	243.0	-1.0	-1.9	-999.0	-999.0	-1.0	-2.2	4.7	285.0	-1.2	-2.2	-999.0	-999.0	-1.4	-1.8	8.8	280.0	-2.3	-2.7	-999.0	-999.0	-1.7	-3.9	11.3	288.0
2017	12	5	9	0	-1.9	-2.3	-999.0	-999.0	-1.6	-2.3	2.4	246.0	-1.1	-2.0	-999.0	-999.0	-0.9	-2.2	5.0	280.0	-1.2	-2.2	-999.0	-999.0	-1.5	-1.5	9.1	276.0	-2.3	-2.5	-999.0	-999.0	-2.0	-3.5	10.9	281.0
2017	12	5	9	10	-1.9	-2.4	-999.0	-999.0	-1.6	-2.4	2.4	246.0	-1.1	-2.2	-999.0	-999.0	-0.9	-2.2	5.6	277.0	-1.1	-2.3	-999.0	-999.0	-1.4	-1.6	8.9	277.0	-2.3	-2.6	-999.0	-999.0	-2.0	-3.5	10.9	280.0
2017	12	5	9	20	-1.8	-2.3	-999.0	-999.0	-1.6	-2.4	2.3	247.0	-1.2	-2.2	-999.0	-999.0	-1.1	-2.2	5.7	278.0	-1.1	-2.3	-999.0	-999.0	-1.3	-1.7	9.2	279.0	-2.0	-3.1	-999.0	-999.0	-1.7	-3.7	11.1	282.0
2017	12	5	9	30	-1.8	-2.2	-999.0	-999.0	-1.6	-2.4	2.1	244.0	-1.2	-2.1	-999.0	-999.0	-1.2	-2.3	5.2	276.0	-1.3	-2.3	-999.0	-999.0	-1.4	-1.9	8.9	280.0	-2.1	-3.3	-999.0	-999.0	-1.8	-4.2	11.3	283.0
2017	12	5	9	40	-1.7	-2.2	-999.0	-999.0	-1.7	-2.4	1.7	243.0	-1.3	-2.1	-999.0	-999.0	-1.2	-2.1	4.8	274.0	-1.3	-2.3	-999.0	-999.0	-1.4	-1.9	8.8	279.0	-2.3	-3.0	-999.0	-999.0	-2.0	-3.5	10.6	279.0
2017	12	5	9	50	-1.8	-2.4	-999.0	-999.0	-1.7	-2.4	1.6	225.0	-1.4	-2.1	-999.0	-999.0	-1.5	-2.2	4.0	274.0	-1.5	-2.2	-999.0	-999.0	-1.7	-2.0	8.7	276.0	-2.2	-2.9	-999.0	-999.0	-1.2	-4.1	12.1	280.0
2017	12	5	10	0	-2.0	-2.5	-999.0	-999.0	-1.8	-2.6	1.8	233.0	-1.4	-2.2	-999.0	-999.0	-1.5	-2.2	4.4	273.0	-1.5	-2.3	-999.0	-999.0	-1.5	-1.8	8.7	279.0	-1.9	-3.4	-999.0	-999.0	-1.2	-4.8	12.8	283.0
2017	12	5	10	10	-1.7	-2.1	-999.0	-999.0	-1.7	-2.4	2.2	237.0	-1.4	-2.1	-999.0	-999.0	-1.5	-2.3	4.9	274.0	-1.6	-2.3	-999.0	-999.0	-1.4	-1.9	9.1	279.0	-1.7	-3.3	-999.0	-999.0	-1.5	-4.5	12.2	284.0
2017	12	5	10	20	-1.6	-2.1	-999.0	-999.0	-1.7	-2.5	1.8	246.0	-1.4	-2.2	-999.0	-999.0	-1.5	-2.3	4.8	276.0	-1.5	-2.3	-999.0	-999.0	-1.4	-1.7	8.9	280.0	-1.9	-3.2	-999.0	-999.0	-1.5	-4.0	12.1	283.0
2017	12	5	10	30	-1.6	-2.2	-999.0	-999.0	-1.8	-2.4	2.0	237.0	-1.5	-2.1	-999.0	-999.0	-1.5	-2.3	4.8	271.0	-1.5	-2.4	-999.0	-999.0	-1.5	-1.9	8.9	278.0	-2.2	-3.4	-999.0	-999.0	-1.5	-4.5	11.4	283.0
2017	12	5	10	40	-1.6	-2.1	-999.0	-999.0	-1.6	-2.4	2.0	234.0	-1.4	-2.1	-999.0	-999.0	-1.5	-2.3	4.8	265.0	-1.6	-2.3	-999.0	-999.0	-1.7	-1.6	8.9	273.0	-2.4	-2.7	-999.0	-999.0	-1.7	-3.9	11.6	282.0
2017	12	5	10	50	-1.4	-2.1	-999.0	-999.0	-1.6	-2.4	2.1	243.0	-1.3	-2.2	-999.0	-999.0	-1.5	-2.3	5.3	269.0	-1.7	-2.3	-999.0	-999.0	-2.0	-1.8	9.0	276.0	-2.6	-2.7	-999.0	-999.0	-1.7	-3.7	12.6	280.0
2017	12	5	11	0	-1.1	-2.0	-999.0	-999.0	-1.4	-2.4	2.5	252.0	-1.2	-2.2	-999.0	-999.0	-1.5	-2.3	5.4	272.0	-1.8	-2.4	-999.0	-999.0	-1.9	-1.8	9.1	275.0	-2.3	-2.8	-999.0	-999.0	-1.6	-4.1	12.5	280.0
2017	12	5	11	10	-1.0	-1.9	-999.0	-999.0	-1.4	-2.4	2.5	261.0	-1.2	-2.1	-999.0	-999.0	-1.4	-2.3	4.8	276.0	-1.4	-2.3	-999.0	-999.0	-1.4	-2.0	9.8	278.0	-1.9	-3.6	-999.0	-999.0	-1.7	-4.2	11.6	279.0
2017	12	5	11	20	-0.7	-1.9	-999.0	-999.0	-1.2	-2.3	2.4	266.0	-1.0	-2.2	-999.0	-999.0	-1.3	-2.3	4.9	281.0	-1.5	-2.4	-999.0	-999.0	-1.5	-2.0	9.9	277.0	-2.1	-3.4	-999.0	-999.0	-1.8	-4.2	12.1	280.0
2017	12	5	11	30	-0.6	-1.9	-999.0	-999.0	-1.0	-2.4	2.3	269.0	-0.8	-2.1	-999.0	-999.0	-1.1	-2.4	4.7	281.0	-1.4	-2.5	-999.0	-999.0	-1.6	-2.0	9.4	277.0	-2.2	-3.1	-999.0	-999.0	-1.6	-4.2	12.5	278.0
2017	12	5	11	40	-0.6	-1.8	-999.0	-999.0	-1.0	-2.3	2.1	264.0	-0.9	-2.2	-999.0	-999.0	-1.1	-2.3	4.6	280.0	-1.3	-2.4	-999.0	-999.0	-1.2	-2.2	9.3	278.0	-1.6	-4.0	-999.0	-999.0	-1.5	-4.3	11.9	278.0
2017	12	5	11	50	-0.6	-1.9	-999.0	-999.0	-1.1	-2.3	1.9	256.0	-0.9	-2.1	-999.0	-999.0	-1.2	-2.2	4.7	273.0	-1.2	-2.3	-999.0	-999.0	-1.1	-2.3	9.4	278.0	-1.7	-3.8	-999.0	-999.0	-1.4	-4.5	11.7	278.0
2017	12	5	12	0	-0.7	-1.8	-999.0	-999.0	-1.1	-2.3	2.5	263.0	-0.9	-2.1	-999.0	-999.0	-1.1	-2.3	5.2	275.0	-1.3	-2.6	-999.0	-999.0	-1.5	-2.0	9.4	275.0	-1.9	-3.5	-999.0	-999.0	-1.4	-4.5	12.5	280.0
2017	12	5	12	10	-0.7	-1.9	-999.0	-999.0	-1.0	-2.3	2.6	267.0	-0.9	-2.1	-999.0	-999.0	-1.1	-2.3	5.6	278.0	-1.3	-2.5	-999.0	-999.0	-1.2	-2.3	9.8	279.0	-1.9	-3.7	-999.0	-999.0	-1.4	-4.7	12.0	280.0
2017	12	5	12	20	-0.6	-1.9	-999.0	-999.0	-1.0	-2.3	2.6	274.0	-0.8	-2.1	-999.0	-999.0	-0.9	-2.3	5.5	282.0	-1.0	-2.4	-999.0	-999.0	-0.8	-2.4	9.4	279.0	-1.6	-4.0	-999.0	-999.0	-1.3	-4.9	11.4	281.0
2017	12	5	12	30	-0.6	-1.8	-999.0	-999.0	-1.0	-2.3	2.3	269.0	-0.9	-2.1	-999.0	-999.0	-1.1	-2.2	5.0	280.0	-1.1	-2.4	-999.0	-999.0	-1.0	-2.9	9.1	284.0	-1.7	-4.2	-999.0	-999.0	-1.3	-5.0	10.6	281.0
2017	12	5	12	40	-0.7	-1.8	-999.0	-999.0	-1.1	-2.2	2.3	250.0	-0.9	-2.0	-999.0	-999.0	-0.9	-2.3	5.3	272.0	-1.0	-2.5	-999.0	-999.0	-1.3	-2.5	8.3	278.0	-2.2	-3.7	-999.0	-999.0	-2.0	-4.3	10.0	277.0
2017	12	5	12	50	-0.7	-1.8	-999.0	-999.0	-1.1	-2.2	2.2	244.0	-0.9	-2.0	-999.0	-999.0	-1.1	-2.3	4.8	267.0	-1.3	-2.4	-999.0	-999.0	-1.3	-2.0	8.4	268.0	-1.9	-3.6	-999.0	-999.0	-1.5	-4.5	10.6	275.0
2017	12	5	13	0	-0.7	-1.7	-999.0	-999.0	-1.1	-2.2	1.5	247.0	-0.9	-1.9	-999.0	-999.0	-1.1	-2.3	4.4	267.0	-1.1	-2.6	-999.0	-999.0	-1.3	-2.5	8.7	275.0	-2.1	-3.8	-999.0	-999.0	-1.5	-4.7	10.9	277.0
2017	12	5	13	10	-0.7	-1.7	-999.0	-999.0	-1.1	-2.2	1.6	244.0	-0.9	-2.1	-999.0	-999.0	-1.1	-2.3	4.1	268.0	-1.4	-2.4	-999.0	-999.0	-1.4	-2.0	8.4	269.0	-1.7	-3.9	-999.0	-999.0	-1.4	-4.6	11.2	273.0
2017	12	5	13	20	-0.7	-1.7	-999.0	-999.0	-1.1	-2.2	1.6	246.0	-0.9	-2.1	-999.0	-999.0	-1.2	-2.3	3.8	268.0	-1.5	-2.5	-999.0	-999.0	-1.2	-2.4	9.6	271.0	-1.4	-4.2	-999.0	-999.0	-1.4	-4.2	11.4	271.0
2017	12	5	13	30	-0.7	-1.8	-999.0	-999.0	-1.1	-2.2	1.8	262.0	-0.9	-2.0	-999.0	-999.0	-1.1	-2.3	4.3	276.0	-1.0	-2.9	-999.0	-999.0	-0.4	-3.5	10.7	275.0	-1.4	-3.9	-999.0	-999.0	-1.4	-3.8	11.2	270.0
2017	12	5	13	40	-0.6	-1.7	-999.0	-999.0	-1.0	-2.3	2.4	259.0	-0.8	-2.1	-999.0	-999.0	-0.6	-2.4	5.2	276.0	0.3	-3.5	-999.0	-999.0	-0.3	-2.8	10.7	271.0	-1.3	-3.8	-999.0	-999.0	-1.2	-4.0	10.8	267.0
2017	12	5	13	50	-0.6	-1.8	-999.0	-999.0	-0.9	-2.2	2.4	252.0	-0.7	-2.1	-999.0	-999.0	-0.7	-2.5	5.3	271.0	-0.3	-3.0	-999.0	-999.0	-0.4	-2.7	8.7	273.0	-1.3	-3.9	-999.0	-999.0	-1.2	-4.2	9.2	269.0
2017	12	5	14	0	-0.5	-1.8	-999.0	-999.0	-0.9	-2.3	2.0	257.0	-0.6	-2.1	-999.0	-999.0	-0.6	-2.3	5.4	273.0	-0.3	-2.3	-999.0	-999.0	-0.3	-2.6	8.6	270.0	-1.3	-3.7	-999.0	-999.0	-1.2	-4.1	8.7	268.0
2017	12	5	14	10	-0.5	-1.7	-999.0	-999.0	-0.8	-2.2	1.9	253.0	-0.6	-2.0	-999.0	-999.0	-0.7	-2.1	5.1	267.0	-0.5	-2.3	-999.0	-999.0	-0.3	-2.8	8.8	267.0	-1.3	-4.0	-999.0	-999.0	-1.2	-4.5	9.0	263.0
2017	12	5	14	20	-0.5	-1.6	-999.0	-999.0	-0.8	-2.0	2.2	254.0	-0.5	-1.9	-999.0	-999.0	-0.6	-2.1	5.1	269.0	-0.4	-2.3	-999.0	-999.0	-0.4	-2.1	8.0	263.0	-1.3	-3.6	-999.0	-999.0	-1.3	-4.1	8.9	259.0
2017	12	5	14	30	-0.5	-1.7	-999.0	-999.0	-0.8	-2.1	2.1	257.0	-0.5	-1.9	-999.0	-999.0	-0.6	-2.1	5.0	268.0	-0.6	-2.1	-999.0	-999.0	-0.5	-1.7	8.7	264.0	-1.3	-3.4	-999.0	-999.0	-1.2	-4.0	9.0	258.0
2017	12	5	14	40	-0.5	-1.6	-999.0	-999.0	-0.7	-2.0	1.8	253.0	-0.4	-1.8	-999.0	-999.0	-0.6	-2.0	4.9	269.0	-0.6	-2.1	-999.0	-999.0	-0.5	-1.8	8.8	266.0	-1.3	-3.3	-999.0	-999.0	-1.2	-3.6	9.0	260.0
2017	12	5	14	50	-0.5	-1.5	-999.0	-999.0	-0.7	-2.0	2.2	248.0	-0.4	-1.9	-999.0	-999.0	-0.5	-1.9	5.1	266.0	-0.5	-2.3	-999.0	-999.0	-0.3	-1.8	9.3	266.0	-1.2	-2.9	-999.0	-999.0	-0.9	-4.1	9.8	265.0
2017	12	5	15	0	-0.5	-1.5	-999.0	-999.0	-0.7	-2.0	2.3	235.0	-0.4	-1.8	-999.0	-999.0	-0.6	-2.0	5.0	257.0	-0.6	-2.4	-999.0	-999.0	-0.5	-2.0	8.7	264.0	-1.3	-3.6	-999.0	-999.0	-0.7	-6.2	10.5	267.0
2017	12	5	15	10	-0.3	-1.5	-999.0	-999.0	-0.7	-2.0	2.8	235.0	-0.5	-1.8	-999.0	-999.0	-0.4	-2.2	5.6	255.0	-0.3	-2.7	-999.0	-999.0	-0.4	-2.6	8.9	260.0	-1.3	-3.9	-999.0	-999.0	-1.0	-5.2	10.0	260.0
2017	12	5	15	20	-0.3	-1.5	-999.0	-999.0	-0.6	-1.9	3.0	237.0	-0.4	-1.8	-999.0	-999.0	-0.6	-2.1	5.8	253.0	-0.3	-2.7	-999.0	-999.0	-0.4	-4.4	9.4	257.0	-1.4	-5.2	-999.0	-999.0	-1.4	-5.4	10.7	254.0
2017	12	5	15	30	-0.2	-1.5	-999.0	-999.0	-0.5	-2.0	2.5	242.0	-0.3	-1.7	-999.0	-999.0	-0.2	-2.5	5.5	255.0	0.0	-3.8	-999.0	-999.0	-0.5	-4.2	8.9	256.0	-1.5	-4.9	-999.0	-999.0	-1.5	-5.2	10.0	252.0
2017	12	5	15	40	-0.2	-1.6	-999.0	-999.0	-0.4	-2.0	2.3	246.0	-0.1	-1.8	-999.0	-999.0	-0.3	-2.3	5.4	254.0	-0.1	-3.1	-999.0	-999.0	-0.7	-3.2	8.2	256.0	-1.7	-4.1	-999.0	-999.0	-1.6	-4.3	8.9	250.0
2017	12	5	15	50	-0.1	-1.6	-999.0	-999.0	-0.4	-2.1	2.3	246.0	-0.1	-1.9	-999.0	-999.0	-0.3	-2.4	5.0	260.0	-0.3	-3.0	-999.0	-999.0	-0.7	-3.0	7.8	259.0	-1.7	-4.0	-999.0	-999.0	-1.6	-4.3	8.3	250.0
2017	12	5	16	0	-0.2	-1.7	-999.0	-999.0	-0.5	-2.1	1.9	240.0	-0.2	-1.9	-999.0	-999.0	-0.3	-2.3	4.5	253.0	-0.3	-3.1	-999.0	-999.0	-0.7	-3.3	6.9	253.0	-1.7	-4.1	-999.0	-999.0	-1.6	-4.1	7.7	242.0
2017	12	5	16	10	-0.2	-1.6	-999.0	-999.0	-0.4	-2.2	1.9	236.0	-0.2	-2.1	-999.0	-999.0	-0.3	-2.6	4.4	253.0	-0.2	-3.6	-999.0	-999.0	-0.7	-2.4	6.3	244.0	-1.7	-3.3	-999.0	-999.0	-1.6	-3.8	7.8	239.0
2017	12	5	16	20	-0.2	-1.7	-999.0	-999.0	-0.4	-2.3	2.0	243.0	-0.1	-2.1	-999.0	-999.0	-0.2	-2.5	4.3	258.0	-0.3	-3.0	-999.0	-999.0	-0.8	-1.6	6.3	244.0	-1.8	-2.6	-999.0	-999.0	-1.6	-3.1	7.4	238.0
2017	12	5	16	30	-0.3	-1.7	-999.0	-999.0	-0.4	-2.3	1.7	248.0	-0.1	-2.0	-999.0	-999.0	-0.1	-2.3	4.3	261.0	-0.3	-2.3	-999.0	-999.0	-0.8	-1.6	6.3	247.0	-1.6	-3.5	-999.0	-999.0	-1.3	-4.9	7.4	242.0
2017	12	5	16	40	-0.3	-1.8	-999.0	-999.0	-0.4	-2.3	1.7	243.0	-0.1	-2.0	-999.0	-999.0	-0.2	-2.2	4.2	256.0	-0.2	-2.6	-999.0	-999.0	-0.5	-2.8	5.9	249.0	-1.5	-4.3	-999.0	-999.0	-1.4	-4.5	7.2	246.0
2017	12	5	16	50	-0.4	-1.8	-999.0	-999.0	-0.5	-2.3	1.6	244.0	-0.2	-2.0	-999.0	-999.0	-0.4	-2.2	3.9	255.0	-0.4	-2.8	-999.0	-999.0	-0.7	-2.9	6.0	251.0	-1.7	-3.8	-999.0	-999.0	-1.6	-4.3	7.3	250.0
2017	12	5	17	0	-0.4	-1.7	-999.0	-999.0	-0.5	-2.2	1.8	255.0	-0.3	-2.0	-999.0	-999.0	-0.4	-2.3	4.2	263.0	-0.2	-2.7	-999.0	-999.0	-0.7	-1.8	6.5	256.0	-1.7	-3.0	-999.0	-999.0	-1.6	-4.1	7.6	252.0
2017	12	5	17	10	-0.7	-1.5	-999.0	-999.0	-0.6	-2.1	1.4	271.0	-0.3	-1.9	-999.0	-999.0	-0.4	-2.2	4.1	274.0	-0.2	-2.4	-999.0	-999.0	-0.6	-2.8	6.4	262.0	-1.6	-3.7	-999.0	-999.0	-1.5	-4.2	7.6	253.0
2017	12	5	17	20	-0.7	-1.6	-999.0	-999.0	-0.6	-2.1	1.5	283.0	-0.3	-1.9	-999.0	-999.0	-0.3	-2.1	4.1	281.0	-0.2	-2.9	-999.0	-999.0	-0.6	-2.3	6.5	263.0	-1.6	-3.0	-999.0	-999.0	-1.5	-3.1	7.7	248.0
2017	12	5	17	30	-0.6	-1.7	-999.0	-999.0	-0.6	-2.1	1.6	296.0	-0.3	-1.9	-999.0	-999.0	-0.2	-2.1	4.1	289.0	-0.2	-2.7	-999.0	-999.0	-0.8	-1.5	6.7	262.0	-1.8	-2.5	-999.0	-999.0	-1.7	-3.0	8.0	252.0
2017	12	5	17	40	-0.8	-1.6	-999.0	-999.0	-0.6	-2.0	1.7	309.0	-0.2	-1.8	-999.0	-999.0	-0.3	-2.1	4.4	295.0	-0.5	-2.2	-999.0	-999.0	-0.9	-1.7	7.5	266.0	-1.9	-2.8	-999.0	-999.0	-1.8	-3.4	7.4	256.0
2017	12	5	17	50	-0.9	-1.6	-999.0	-999.0	-0.6	-2.0	1.7	318.0	-0.2	-1.8	-999.0	-999.0	-0.4	-2.0	4.2	298.0	-0.7	-2.3	-999.0	-999.0	-1.1	-1.8	6.9	271.0	-2.0	-2.9	-999.0	-999.0	-1.8	-3.4	6.9	263.0
2017	12	5	18	0	-0.7	-1.4	-999.0	-999.0	-0.7	-1.9	2.0	331.0	-0.4	-1.7	-999.0	-999.0	-0.6	-1.9	4.3	309.0	-0.8	-2.2	-999.0	-999.0	-1.0	-1.8	5.9	281.0	-1.9	-3.3	-999.0	-999.0	-1.7	-4.4	7.0	269.0
2017	12	5	18	10	-0.7	-1.5	-999.0	-999.0	-0.8	-1.8	1.8	342.0	-0.4	-1.7	-999.0	-999.0	-0.7	-1.9	3.8	314.0	-0.8	-2.0	-999.0	-999.0	-1.1	-2.0	5.1	293.0	-2.1	-2.9	-999.0	-999.0	-1.5	-4.6	6.7	276.0
2017	12	5	18	20	-0.8	-1.5	-999.0	-999.0	-0.8	-1.8	1.6	331.0	-0.5	-1.6	-999.0	-999.0	-0.6	-1.8	3.8	307.0	-0.8	-2.4	-999.0	-999.0	-1.3	-1.8	4.8	295.0	-2.2	-2.9	-999.0	-999.0	-1.8	-4.1	6.0	277.0
2017	12	5	18	30	-0.7	-1.4	-999.0	-999.0	-0.9	-1.8	1.3	332.0	-0.6	-1.5	-999.0	-999.0	-0.7	-1.7	3.4	304.0	-1.0	-2.2	-999.0	-999.0	-1.4	-1.7	4.9	296.0	-2.2	-3.1	-999.0	-999.0	-2.1	-4.0	5.7	283.0
2017	12	5	18	40	-0.7	-1.4	-999.0	-999.0	-0.9	-1.7	1.5	340.0	-0.7	-1.4	-999.0	-999.0	-0.9	-1.7	3.2	310.0	-1.1	-2.0	-999.0	-999.0	-1.3	-2.1	4.4	296.0	-2.3	-3.2	-999.0	-999.0	-2.2	-4.0	6.0	291.0
2017	12	5	18	50	-0.6	-1.2	-999.0	-999.0	-1.0	-1.6	1.1	344.0	-0.7	-1.4	-999.0	-999.0	-0.8	-1.7	3.1	323.0	-1.0	-2.4	-999.0	-999.0	-1.5	-2.2	4.3	302.0	-2.5	-3.1	-999.0	-999.0	-2.4	-3.9	5.4	296.0
2017	12	5	19	0	-0.8	-1.3	-999.0	-999.0	-1.0	-1.6	1.0	329.0	-0.6	-1.3	-999.0	-999.0	-0.9	-2.1	3.4	325.0	-1.1	-2.5	-999.0	-999.0	-1.6	-1.9	4.4	303.0	-2.6	-3.1	-999.0	-999.0	-2.5	-3.7	5.0	297.0
2017	12	5	19	10	-0.7	-1.2	-999.0	-999.0	-1.0	-1.5	0.8	322.0	-0.6	-1.3	-999.0	-999.0	-0.9	-2.1	3.1	326.0	-1.4	-2.5	-999.0	-999.0	-1.9	-2.1	3.9	307.0	-2.8	-3.0	-999.0	-999.0	-2.6	-3.7	3.9	295.0
2017	12	5	19	20	-0.6	-1.1	-999.0	-999.0	-0.9	-1.4	0.7	319.0	-0.7	-1.3	-999.0	-999.0	-1.0	-2.1	2.6	327.0	-1.5	-2.3	-999.0	-999.0	-1.9	-2.1	3.3	311.0	-2.8	-2.9	-999.0	-999.0	-2.6	-3.6	3.1	294.0
2017	12	5	19	30	-0.7	-1.2	-999.0	-999.0	-0.9	-1.5	0.9	341.0	-0.8	-1.5	-999.0	-999.0	-1.1	-2.1	2.3	335.0	-1.4	-2.5	-999.0	-999.0	-1.9	-1.9	3.1	320.0	-2.9	-2.8	-999.0	-999.0	-2.6	-3.4	2.9	305.0
2017	12	5	19	40	-0.7	-1.0	-999.0	-999.0	-1.0	-1.6	0.9	360.0	-0.8	-1.5	-999.0	-999.0	-1.0	-2.0	2.3	348.0	-1.4	-2.5	-999.0	-999.0	-1.8	-2.1	3.2	329.0	-2.8	-2.7	-999.0	-999.0	-2.6	-3.4	3.0	317.0
2017	12	5	19	50	-0.7	-1.1	-999.0	-999.0	-1.0	-1.5	0.4	10.0	-0.8	-1.5	-999.0	-999.0	-1.0	-1.8	2.2	5.0	-1.4	-2.2	-999.0	-999.0	-1.9	-2.0	3.7	342.0	-2.8	-2.7	-999.0	-999.0	-2.4	-3.2	3.6	321.0
2017	12	5	20	0	-0.7	-1.1	-999.0	-999.0	-1.1	-1.2	0.4	57.0	-0.9	-1.3	-999.0	-999.0	-1.1	-1.5	1.0	23.0	-1.4	-1.9	-999.0	-999.0	-2.0	-1.7	4.0	354.0	-2.8	-2.7	-999.0	-999.0	-2.4	-3.3	4.0	325.0
2017	12	5	20	10	-0.7	-1.1	-999.0	-999.0	-1.2	-1.3	0.5	60.0	-0.9	-1.1	-999.0	-999.0	-1.2	-1.4	0.3	75.0	-1.6	-1.9	-999.0	-999.0	-2.0	-1.8	4.0	3.0	-2.9	-2.6	-999.0	-999.0	-2.4	-3.3	4.2	329.0
2017	12	5	20	20	-0.7	-1.1	-999.0	-999.0	-1.2	-1.3	0.7	60.0	-0.9	-1.2	-999.0	-999.0	-1.2	-1.5	0.3	82.0	-1.6	-1.8	-999.0	-999.0	-2.1	-1.7	2.5	11.0	-3.0	-2.6	-999.0	-999.0	-2.5	-3.2	4.3	335.0
2017	12	5	20	30	-0.7	-1.0	-999.0	-999.0	-1.2	-1.4	0.7	57.0	-1.0	-1.2	-999.0	-999.0	-1.4	-1.7	0.5	30.0	-1.8	-1.9	-999.0	-999.0	-2.1	-1.7	2.5	11.0	-3.0	-2.4	-999.0	-999.0	-2.5	-3.2	4.2	344.0
2017	12	5	20	40	-0.7	-1.0	-999.0	-999.0	-1.3	-1.4	0.5	23.0	-1.1	-1.3	-999.0	-999.0	-1.4	-1.6	1.3	23.0	-1.8	-2.0	-999.0	-999.0	-2.1	-1.8	4.5	360.0	-2.9	-2.3	-999.0	-999.0	-2.7	-3.2	4.9	340.0
2017	12	5	20	50	-0.7	-1.1	-999.0	-999.0	-1.3	-1.5	0.8	18.0	-1.1	-1.3	-999.0	-999.0	-1.5	-1.8	1.4	23.0	-1.8	-2.1	-999.0	-999.0	-2.1	-1.7	4.8	357.0	-3.0	-2.4	-999.0	-999.0	-2.8	-3.2	5.8	336.0
2017	12	5	21	0	-0.7	-1.1	-999.0	-999.0	-1.3	-1.4	0.5	20.0	-1.1	-1.2	-999.0	-999.0	-1.5	-1.7	0.5	33.0	-1.8	-2.1	-999.0	-999.0	-2.1	-1.8	5.0	353.0	-2.9	-2.3	-999.0	-999.0	-2.6	-3.1	5.6	339.0
2017	12	5	21	10	-0.7	-1.0	-999.0	-999.0	-1.3	-1.4	0.4	16.0	-1.1	-1.3	-999.0	-999.0	-1.5	-1.6	0.6	22.0	-1.8	-2.0	-999.0	-999.0	-2.1	-1.7	5.4	355.0	-3.0	-2.3	-999.0	-999.0	-2.8	-3.2	5.8	339.0
2017	12	5	21	20	-0.8	-1.1	-999.0	-999.0	-1.3	-1.5	0.5	15.0	-1.2	-1.3	-999.0	-999.0	-1.4	-1.6	0.8	23.0	-1.8	-2.0	-999.0	-999.0	-2.2	-1.7	5.0	350.0	-3.1	-2.4	-999.0	-999.0	-2.8	-3.2	6.1	342.0
2017	12	5	21	30	-0.7	-1.1	-999.0	-999.0	-1.3	-1.5	0.7	12.0	-1.1	-1.3	-999.0	-999.0	-1.4	-1.6	1.4	22.0	-1.8	-1.9	-999.0	-999.0	-2.2	-1.6	5.2	345.0	-3.0	-2.3	-999.0	-999.0	-2.8	-3.2	6.1	341.0
2017	12	5	21	40	-0.7	-1.0	-999.0	-999.0	-1.3	-1.5	1.2	10.0	-1.2	-1.4	-999.0	-999.0	-1.4	-1.7	2.5	17.0	-1.8	-1.8	-999.0	-999.0	-2.2	-1.7	5.5	346.0	-3.1	-2.4	-999.0	-999.0	-2.8	-3.2	6.2	334.0
2017	12	5	21	50	-0.8	-1.2	-999.0	-999.0	-1.4	-1.5	1.1	3.0	-1.2	-1.4	-999.0	-999.0	-1.5	-1.7	3.0	15.0	-1.8	-1.9	-999.0	-999.0	-2.2	-1.8	5.4	351.0	-3.1	-2.5	-999.0	-999.0	-2.7	-3.1	5.7	337.0
2017	12	5	22	0	-0.9	-1.3	-999.0	-999.0	-1.4	-1.6	0.9	6.0	-1.3	-1.5	-999.0	-999.0	-1.5	-1.8	1.9	19.0	-1.9	-2.2	-999.0	-999.0	-2.1	-2.0	4.9	351.0	-2.9	-2.6	-999.0	-999.0	-2.7	-3.3	5.9	333.0
2017	12	5	22	10	-1.3	-1.6	-999.0	-999.0	-1.4	-1.7	1.3	1.0	-1.3	-1.6	-999.0	-999.0	-1.6	-2.0	3.0	7.0	-1.8	-2.3	-999.0	-999.0	-2.1	-2.0	5.4	347.0	-3.0	-2.8	-999.0	-999.0	-2.8	-3.4	6.3	329.0
2017	12	5	22	20	-1.7	-2.0	-999.0	-999.0	-1.5	-1.8	1.9	351.0	-1.3	-1.6	-999.0	-999.0	-1.6	-2.0	3.5	357.0	-1.7	-2.5	-999.0	-999.0	-2.1	-2.5	6.0	344.0	-3.1	-3.1	-999.0	-999.0	-2.9	-3.4	6.2	327.0
2017	12	5	22	30	-2.1	-2.5	-999.0	-999.0	-1.6	-1.8	1.6	332.0	-1.2	-1.7	-999.0	-999.0	-1.5	-2.0	3.6	346.0	-1.7	-2.5	-999.0	-999.0	-2.1	-2.3	5.9	343.0	-3.1	-3.0	-999.0	-999.0	-3.0	-3.4	6.1	330.0
2017	12	5	22	40	-2.2	-2.5	-999.0	-999.0	-1.6	-1.8	2.0	327.0	-1.3	-1.6	-999.0	-999.0	-1.5	-2.0	4.1	342.0	-1.8	-2.3	-999.0	-999.0	-2.1	-2.0	6.6	342.0	-3.2	-2.9	-999.0	-999.0	-3.2	-3.6	6.7	331.0
2017	12	5	22	50	-1.7	-1.8	-999.0	-999.0	-1.8	-1.9	2.4	324.0	-1.4	-1.6	-999.0	-999.0	-1.5	-2.0	5.0	336.0	-1.8	-2.3	-999.0	-999.0	-2.3	-2.1	7.0	328.0	-3.4	-2.8	-999.0	-999.0	-3.2	-3.5	7.3	324.0
2017	12	5	23	0	-1.5	-1.7	-999.0	-999.0	-1.8	-1.9	2.0	319.0	-1.5	-1.8	-999.0	-999.0	-1.5	-2.4	5.2	331.0	-1.7	-3.0	-999.0	-999.0	-2.3	-2.1	7.1	319.0	-3.4	-2.8	-999.0	-999.0	-3.3	-3.6	7.3	315.0
2017	12	5	23	10	-1.4	-1.8	-999.0	-999.0	-1.8	-2.0	2.2	318.0	-1.6	-1.9	-999.0	-999.0	-1.6	-2.2	5.3	328.0	-1.9	-2.4	-999.0	-999.0	-2.4	-2.1	7.2	318.0	-3.4	-2.8	-999.0	-999.0	-3.4	-3.7	7.0	312.0
2017	12	5	23	20	-1.4	-1.8	-999.0	-999.0	-1.8	-2.1	2.0	326.0	-1.6	-2.0	-999.0	-999.0	-1.8	-2.2	5.2	330.0	-1.9	-2.6	-999.0	-999.0	-2.4	-2.4	7.4	317.0	-3.5	-2.9	-999.0	-999.0	-3.4	-3.7	7.2	310.0
2017	12	5	23	30	-1.4	-1.8	-999.0	-999.0	-1.8	-2.2	1.8	320.0	-1.6	-2.1	-999.0	-999.0	-1.9	-2.4	4.1	327.0	-2.1	-2.7	-999.0	-999.0	-2.4	-2.3	7.2	316.0	-3.4	-2.9	-999.0	-999.0	-3.4	-3.7	7.8	308.0
2017	12	5	23	40	-1.5	-1.9	-999.0	-999.0	-1.9	-2.2	1.8	306.0	-1.7	-2.0	-999.0	-999.0	-1.8	-2.4	4.2	323.0	-2.0	-2.6	-999.0	-999.0	-2.3	-2.3	7.3	310.0	-3.3	-3.1	-999.0	-999.0	-3.3	-3.6	7.6	303.0
2017	12	5	23	50	-1.6	-2.0	-999.0	-999.0	-1.9	-2.3	2.1	308.0	-1.7	-2.0	-999.0	-999.0	-1.9	-2.2	4.7	318.0	-2.0	-2.3	-999.0	-999.0	-2.3	-2.2	7.8	307.0	-2.8	-3.0	-999.0	-999.0	-2.6	-3.2	8.2	308.0
2017	12	5	0	0	-1.7	-2.1	-999.0	-999.0	-1.9	-2.2	2.1	320.0	-1.7	-2.0	-999.0	-999.0	-1.9	-2.2	5.3	322.0	-2.1	-2.3	-999.0	-999.0	-2.5	-2.1	8.8	308.0	-3.6	-2.8	-999.0	-999.0	-3.1	-3.7	9.1	305.0
