
       17.000	       11.000	       30.000	       21.000	     -168.000	       82.265	      110.600	        0.000	     1026.600	        0.000	      112.400	        0.000
       17.000	       11.000	       30.000	       22.000	     -167.000	       82.447	      110.101	        0.000	     1026.500	        0.000	      127.300	        0.000
       17.000	       11.000	       30.000	       23.000	     -166.000	       82.634	      109.566	        0.000	     1026.300	        0.000	      137.300	        0.000
       17.000	       12.000	        1.000	        0.000	     -165.000	       82.830	      108.983	        0.000	     1026.200	        0.000	      144.200	        0.000
       17.000	       12.000	        1.000	        1.000	     -164.000	       83.025	      108.375	        0.000	     1026.000	        0.000	      138.700	        0.000
       17.000	       12.000	        1.000	        2.000	     -163.000	       83.215	      107.768	        0.000	     1025.800	        0.000	      133.300	        0.000
       17.000	       12.000	        1.000	        3.000	     -162.000	       83.407	      107.149	        0.000	     1025.700	        0.000	      127.800	        0.000
       17.000	       12.000	        1.000	        4.000	     -161.000	       83.601	      106.504	        0.000	     1025.400	        0.000	      137.400	        0.000
       17.000	       12.000	        1.000	        5.000	     -160.000	       83.795	      105.818	        0.000	     1024.800	        0.000	      140.400	        0.000
       17.000	       12.000	        1.000	        6.000	     -159.000	       83.988	      105.088	        0.000	     1021.400	        0.000	      166.800	        0.000
       17.000	       12.000	        1.000	        7.000	     -158.000	       84.184	      104.322	        0.000	     1021.800	        0.000	      169.300	        0.000
       17.000	       12.000	        1.000	        8.000	     -157.000	       84.385	      103.528	        0.000	     1021.300	        0.000	      174.600	        0.000
       17.000	       12.000	        1.000	        9.000	     -156.000	       84.591	      102.698	        0.000	     1020.200	        0.000	      183.700	        0.000
       17.000	       12.000	        1.000	       10.000	     -155.000	       84.808	      101.828	        0.000	     1019.900	        0.000	      196.300	        0.000
       17.000	       12.000	        1.000	       11.000	     -154.000	       85.042	      100.925	        0.000	     1019.600	        0.000	      215.200	        0.000
       17.000	       12.000	        1.000	       12.000	     -153.000	       85.286	       99.993	        0.000	     1019.400	        0.000	      223.500	        0.000
       17.000	       12.000	        1.000	       13.000	     -152.000	       85.534	       99.039	        0.000	     1019.100	        0.000	      260.000	        0.000
       17.000	       12.000	        1.000	       14.000	     -151.000	       85.782	       98.072	        0.000	     1018.900	        0.000	      275.400	        0.000
       17.000	       12.000	        1.000	       15.000	     -150.000	       86.024	       97.128	        0.000	     1018.600	        0.000	      289.800	        0.000
       17.000	       12.000	        1.000	       16.000	     -149.000	       86.263	       96.143	        0.000	     1018.300	        0.000	      316.800	        0.000
       17.000	       12.000	        1.000	       17.000	     -148.000	       86.496	       95.017	        0.000	     1018.000	        0.000	      324.300	        0.000
       17.000	       12.000	        1.000	       18.000	     -147.000	       86.725	       93.688	        0.000	     1017.600	        0.000	      310.100	        0.000
       17.000	       12.000	        1.000	       19.000	     -146.000	       86.958	       92.171	        0.000	     1017.500	        0.000	      339.300	        0.000
       17.000	       12.000	        1.000	       20.000	     -145.000	       87.194	       90.414	        0.000	     1017.300	        0.000	      332.800	        0.000
       17.000	       12.000	        1.000	       21.000	     -144.000	       87.426	       88.230	        0.000	     1015.500	        0.000	      346.700	        0.000
       17.000	       12.000	        1.000	       22.000	     -143.000	       87.653	       85.661	        0.200	     1013.200	        0.000	      367.500	        0.000
       17.000	       12.000	        1.000	       23.000	     -142.000	       87.883	       82.882	        0.800	     1012.900	        0.000	      393.700	        0.000
       17.000	       12.000	        2.000	        0.000	     -141.000	       88.122	       79.784	        1.000	     1012.600	        0.000	      472.300	        0.000
       17.000	       12.000	        2.000	        1.000	     -140.000	       88.355	       75.498	        0.900	     1012.400	        0.000	      422.400	        0.000
       17.000	       12.000	        2.000	        2.000	     -139.000	       88.568	       69.786	        0.600	     1012.300	        0.000	      408.000	        0.000
       17.000	       12.000	        2.000	        3.000	     -138.000	       88.755	       62.416	        0.100	     1012.100	        0.000	      389.400	        0.000
       17.000	       12.000	        2.000	        4.000	     -137.000	       88.908	       53.016	        0.200	     1011.800	        0.000	      355.400	        0.000
       17.000	       12.000	        2.000	        5.000	     -136.000	       89.013	       41.563	        0.000	     1011.500	        0.000	      276.300	        0.000
       17.000	       12.000	        2.000	        6.000	     -135.000	       89.059	       27.969	        0.000	     1011.400	        0.000	      204.500	        0.000
       17.000	       12.000	        2.000	        7.000	     -134.000	       89.035	       13.495	        0.100	     1011.100	        0.000	      235.800	        0.000
       17.000	       12.000	        2.000	        8.000	     -133.000	       88.945	        1.006	        0.000	     1010.600	        0.000	      255.800	        0.000
       17.000	       12.000	        2.000	        9.000	     -132.000	       88.801	       -9.136	        0.000	     1009.900	        0.000	      257.300	        0.000
       17.000	       12.000	        2.000	       10.000	     -131.000	       88.624	      -17.285	        0.000	     1009.000	        0.000	      327.100	        0.000
       17.000	       12.000	        2.000	       11.000	     -130.000	       88.422	      -23.828	        0.000	     1008.600	        0.000	      390.000	        0.000
       17.000	       12.000	        2.000	       12.000	     -129.000	       88.205	      -28.434	        0.000	     1009.600	        0.000	      400.700	        0.000
       17.000	       12.000	        2.000	       13.000	     -128.000	       87.988	      -31.215	        0.000	     1008.300	        0.000	      362.600	        0.000
       17.000	       12.000	        2.000	       14.000	     -127.000	       87.783	      -32.902	        3.400	     1007.100	        0.000	      366.500	        0.000
       17.000	       12.000	        2.000	       15.000	     -126.000	       87.587	      -33.892	        8.100	     1005.900	        0.200	      379.700	        0.000
       17.000	       12.000	        2.000	       16.000	     -125.000	       87.403	      -34.219	       14.000	     1005.000	        0.200	      348.100	        0.000
       17.000	       12.000	        2.000	       17.000	     -124.000	       87.235	      -33.703	       25.700	     1003.100	        0.200	      309.400	        0.000
       17.000	       12.000	        2.000	       18.000	     -123.000	       87.080	      -31.829	       45.800	     1000.600	        0.000	      291.100	        0.000
       17.000	       12.000	        2.000	       19.000	     -122.000	       86.930	      -28.872	       73.800	      996.600	        0.000	      167.000	        0.000
       17.000	       12.000	        2.000	       20.000	     -121.000	       86.809	      -27.325	      103.400	      993.100	        0.000	      139.700	        0.000
       17.000	       12.000	        2.000	       21.000	     -120.000	       86.725	      -27.163	      139.800	      989.100	        0.300	      117.400	        0.000
       17.000	       12.000	        2.000	       22.000	     -119.000	       86.654	      -27.956	      182.500	      983.700	        0.300	      160.300	        0.000
       17.000	       12.000	        2.000	       23.000	     -118.000	       86.575	      -29.173	      223.400	      979.000	        0.300	      166.600	        0.000
       17.000	       12.000	        3.000	        0.000	     -117.000	       86.493	      -30.493	      255.200	      976.100	        0.000	      167.600	        0.000
       17.000	       12.000	        3.000	        1.000	     -116.000	       86.400	      -31.609	      276.700	      973.300	        0.000	      173.500	        0.000
       17.000	       12.000	        3.000	        2.000	     -115.000	       86.285	      -32.214	      292.500	      971.700	        0.000	      189.700	        0.000
       17.000	       12.000	        3.000	        3.000	     -114.000	       86.152	      -32.251	      306.000	      969.500	        0.000	      203.600	        0.000
       17.000	       12.000	        3.000	        4.000	     -113.000	       86.000	      -31.817	      316.600	      968.800	        0.000	      174.000	        0.000
       17.000	       12.000	        3.000	        5.000	     -112.000	       85.836	      -31.347	      323.700	      968.300	        0.000	      177.400	        0.000
       17.000	       12.000	        3.000	        6.000	     -111.000	       85.665	      -31.075	      329.900	      968.500	        0.000	      189.200	        0.000
       17.000	       12.000	        3.000	        7.000	     -110.000	       85.485	      -30.805	      340.000	      966.900	        0.000	      192.500	        0.000
       17.000	       12.000	        3.000	        8.000	     -109.000	       85.298	      -30.516	      355.400	      964.600	        0.000	      204.500	        0.000
       17.000	       12.000	        3.000	        9.000	     -108.000	       85.099	      -30.129	      369.500	      963.200	        0.000	      223.700	        0.000
       17.000	       12.000	        3.000	       10.000	     -107.000	       84.892	      -29.639	      380.800	      962.200	        0.000	      229.700	        0.000
       17.000	       12.000	        3.000	       11.000	     -106.000	       84.692	      -29.156	      392.700	      961.000	        0.000	      224.600	        0.000
       17.000	       12.000	        3.000	       12.000	     -105.000	       84.489	      -28.593	      404.500	      959.900	        0.000	      229.600	        0.000
       17.000	       12.000	        3.000	       13.000	     -104.000	       84.269	      -27.752	      414.100	      959.000	        0.000	      250.100	        0.000
       17.000	       12.000	        3.000	       14.000	     -103.000	       84.026	      -26.624	      425.100	      958.400	        0.000	      284.900	        0.000
       17.000	       12.000	        3.000	       15.000	     -102.000	       83.777	      -25.584	      458.600	      944.100	        0.200	      277.300	        0.000
       17.000	       12.000	        3.000	       16.000	     -101.000	       83.525	      -24.597	      426.400	      950.800	        0.200	      270.700	        0.000
       17.000	       12.000	        3.000	       17.000	     -100.000	       83.220	      -22.935	      323.800	      971.400	        0.000	      336.600	        0.000
       17.000	       12.000	        3.000	       18.000	      -99.000	       82.854	      -20.944	      293.300	      975.400	        0.000	      348.400	        0.000
       17.000	       12.000	        3.000	       19.000	      -98.000	       82.495	      -19.446	      278.000	      977.700	        0.000	      361.700	        0.000
       17.000	       12.000	        3.000	       20.000	      -97.000	       82.141	      -18.181	      275.100	      978.000	        0.000	      387.500	        0.000
       17.000	       12.000	        3.000	       21.000	      -96.000	       81.760	      -16.837	      259.300	      976.000	        0.000	      337.100	        0.000
       17.000	       12.000	        3.000	       22.000	      -95.000	       81.325	      -15.261	      211.800	      984.700	        0.000	      356.900	        0.000
       17.000	       12.000	        3.000	       23.000	      -94.000	       80.850	      -13.816	      188.400	      987.800	        0.000	      429.100	        0.000
       17.000	       12.000	        4.000	        0.000	      -93.000	       80.383	      -12.897	      172.900	      989.400	        0.000	      410.500	        0.000
       17.000	       12.000	        4.000	        1.000	      -92.000	       79.916	      -12.375	      160.700	      990.800	        0.000	      416.500	        0.000
       17.000	       12.000	        4.000	        2.000	      -91.000	       79.445	      -12.033	      151.300	      991.500	        0.300	      389.000	        0.000
       17.000	       12.000	        4.000	        3.000	      -90.000	       78.972	      -11.760	      143.300	      992.800	        0.000	      351.600	        0.000
       17.000	       12.000	        4.000	        4.000	      -89.000	       78.498	      -11.523	      137.800	      993.300	        0.000	      385.600	        0.000
       17.000	       12.000	        4.000	        5.000	      -88.000	       78.027	      -11.290	      136.200	      993.200	        0.000	      379.000	        0.000
       17.000	       12.000	        4.000	        6.000	      -87.000	       77.557	      -11.054	      136.100	      993.100	        0.000	      374.800	        0.000
       17.000	       12.000	        4.000	        7.000	      -86.000	       77.097	      -10.788	      135.300	      993.200	        0.000	      422.500	        0.000
       17.000	       12.000	        4.000	        8.000	      -85.000	       76.656	      -10.440	      132.300	      993.700	        0.000	      498.500	        0.000
       17.000	       12.000	        4.000	        9.000	      -84.000	       76.228	       -9.993	      127.100	      994.300	        0.000	      580.400	        0.000
       17.000	       12.000	        4.000	       10.000	      -83.000	       75.793	       -9.492	      121.500	      994.500	        0.000	      644.300	        0.000
       17.000	       12.000	        4.000	       11.000	      -82.000	       75.326	       -8.993	      116.500	      994.800	        0.000	      699.300	        0.000
       17.000	       12.000	        4.000	       12.000	      -81.000	       74.826	       -8.530	      112.700	      994.700	        0.000	      749.000	        0.000
       17.000	       12.000	        4.000	       13.000	      -80.000	       74.319	       -8.119	      109.700	      994.900	        0.000	      870.000	        0.000
       17.000	       12.000	        4.000	       14.000	      -79.000	       73.838	       -7.739	      106.900	      995.000	        0.000	     1032.900	        0.000
       17.000	       12.000	        4.000	       15.000	      -78.000	       73.397	       -7.355	      103.900	      995.400	        0.000	     1127.200	        0.000
       17.000	       12.000	        4.000	       16.000	      -77.000	       72.977	       -6.916	      102.000	      994.900	        0.000	     1091.000	        0.000
       17.000	       12.000	        4.000	       17.000	      -76.000	       72.546	       -6.422	      100.700	      995.300	        0.000	     1087.500	        0.000
       17.000	       12.000	        4.000	       18.000	      -75.000	       72.102	       -5.894	       99.500	      994.900	        0.000	     1075.300	        0.000
       17.000	       12.000	        4.000	       19.000	      -74.000	       71.665	       -5.367	       99.400	      994.900	        0.200	     1111.100	        0.000
       17.000	       12.000	        4.000	       20.000	      -73.000	       71.258	       -4.896	       99.700	      994.500	        0.000	     1133.600	        0.000
       17.000	       12.000	        4.000	       21.000	      -72.000	       70.875	       -4.480	      100.100	      994.400	        0.200	     1142.800	        0.000
       17.000	       12.000	        4.000	       22.000	      -71.000	       70.511	       -4.054	       99.000	      994.400	        0.200	     1128.800	        0.000
       17.000	       12.000	        4.000	       23.000	      -70.000	       70.167	       -3.519	       97.500	      994.400	        0.000	     1165.900	        0.000
       17.000	       12.000	        5.000	        0.000	      -69.000	       69.839	       -2.856	       97.300	      994.100	        0.100	     1206.300	        0.000
       17.000	       12.000	        5.000	        1.000	      -68.000	       69.531	       -2.138	      100.300	      993.200	        0.100	     1157.800	        0.000
       17.000	       12.000	        5.000	        2.000	      -67.000	       69.244	       -1.421	      104.700	      992.300	        0.100	     1168.800	        0.000
       17.000	       12.000	        5.000	        3.000	      -66.000	       68.963	       -0.659	      107.700	      992.200	        0.100	     1244.900	        1.400
       17.000	       12.000	        5.000	        4.000	      -65.000	       68.679	        0.115	      115.000	      991.800	        0.100	     1272.100	        3.500
       17.000	       12.000	        5.000	        5.000	      -64.000	       68.390	        0.838	      122.200	      990.200	        0.100	     1293.200	        0.600
       17.000	       12.000	        5.000	        6.000	      -63.000	       68.088	        1.573	      125.700	      989.900	        0.000	     1291.200	        0.000
       17.000	       12.000	        5.000	        7.000	      -62.000	       67.775	        2.328	      128.600	      989.500	        0.000	     1318.900	        0.000
       17.000	       12.000	        5.000	        8.000	      -61.000	       67.467	        3.017	      136.100	      988.900	        0.000	     1353.800	        0.000
       17.000	       12.000	        5.000	        9.000	      -60.000	       67.159	        3.694	      147.900	      986.700	        0.000	     1350.400	        0.000
       17.000	       12.000	        5.000	       10.000	      -59.000	       66.848	        4.389	      158.600	      985.500	        0.000	     1363.100	        0.000
       17.000	       12.000	        5.000	       11.000	      -58.000	       66.534	        5.077	      161.800	      985.100	        0.200	     1432.200	        0.000
       17.000	       12.000	        5.000	       12.000	      -57.000	       66.218	        5.783	      155.100	      987.700	        0.100	     1459.800	        0.000
       17.000	       12.000	        5.000	       13.000	      -56.000	       65.912	        6.506	      146.700	      988.900	        0.200	     1432.000	        0.700
       17.000	       12.000	        5.000	       14.000	      -55.000	       65.620	        7.214	      146.900	      988.200	        0.200	     1492.000	        1.500
       17.000	       12.000	        5.000	       15.000	      -54.000	       65.334	        7.932	      151.100	      987.800	        0.000	     1530.700	        0.000
       17.000	       12.000	        5.000	       16.000	      -53.000	       65.054	        8.677	      155.300	      989.100	        0.100	     1435.600	        0.000
       17.000	       12.000	        5.000	       17.000	      -52.000	       64.788	        9.421	      174.300	      986.300	        0.200	     1422.700	        0.800
       17.000	       12.000	        5.000	       18.000	      -51.000	       64.534	       10.161	      264.900	      967.900	        0.300	     1304.300	        0.000
       17.000	       12.000	        5.000	       19.000	      -50.000	       64.284	       10.946	      356.300	      942.700	        0.000	      713.500	        0.000
       17.000	       12.000	        5.000	       20.000	      -49.000	       64.062	       11.794	      467.000	      912.400	        0.300	      282.600	        0.000
       17.000	       12.000	        5.000	       21.000	      -48.000	       63.776	       12.747	      640.800	      850.100	        0.000	      487.500	        0.000
       17.000	       12.000	        5.000	       22.000	      -47.000	       63.383	       13.794	      556.400	      868.000	        0.000	      836.400	        0.000
       17.000	       12.000	        5.000	       23.000	      -46.000	       62.990	       14.803	      488.000	      894.900	        0.000	      799.400	        0.000
       17.000	       12.000	        6.000	        0.000	      -45.000	       62.575	       15.743	      462.800	      909.500	        0.000	      716.000	        0.000
       17.000	       12.000	        6.000	        1.000	      -44.000	       62.171	       16.632	      273.900	      953.100	        0.000	      691.300	        0.000
       17.000	       12.000	        6.000	        2.000	      -43.000	       61.876	       17.368	      111.400	      985.200	        0.000	      811.900	        0.000
       17.000	       12.000	        6.000	        3.000	      -42.000	       61.595	       18.002	       71.700	      995.600	        0.000	     1050.900	        0.000
       17.000	       12.000	        6.000	        4.000	      -41.000	       61.278	       18.613	       73.100	      995.300	        0.000	     1059.300	        0.000
       17.000	       12.000	        6.000	        5.000	      -40.000	       60.966	       19.151	       74.100	      995.000	        0.000	     1110.400	        0.000
       17.000	       12.000	        6.000	        6.000	      -39.000	       60.666	       19.638	       73.500	      995.300	        0.000	     1069.900	        0.000
       17.000	       12.000	        6.000	        7.000	      -38.000	       60.388	       20.111	       70.800	      996.200	        0.000	     1105.900	        3.000
       17.000	       12.000	        6.000	        8.000	      -37.000	       60.128	       20.591	       69.200	      996.400	        0.000	     1167.700	       10.800
       17.000	       12.000	        6.000	        9.000	      -36.000	       59.879	       21.058	       68.900	      996.600	        0.000	     1181.000	       24.000
       17.000	       12.000	        6.000	       10.000	      -35.000	       59.645	       21.511	       68.200	      997.000	        0.000	     1156.500	       34.500
       17.000	       12.000	        6.000	       11.000	      -34.000	       59.425	       21.969	       67.500	      997.400	        0.000	     1213.400	       47.000
       17.000	       12.000	        6.000	       12.000	      -33.000	       59.220	       22.415	       68.100	      997.200	        0.000	     1084.900	       49.900
       17.000	       12.000	        6.000	       13.000	      -32.000	       59.026	       22.830	       71.200	      997.200	        0.200	      983.000	       27.700
       17.000	       12.000	        6.000	       14.000	      -31.000	       58.840	       23.208	       76.900	      996.000	        0.200	      848.400	       19.900
       17.000	       12.000	        6.000	       15.000	      -30.000	       58.667	       23.548	       85.500	      994.500	        0.000	      708.800	       12.700
       17.000	       12.000	        6.000	       16.000	      -29.000	       58.502	       23.861	       98.100	      992.400	        0.000	      665.400	       12.400
       17.000	       12.000	        6.000	       17.000	      -28.000	       58.342	       24.160	      113.200	      990.400	        0.000	      655.200	       11.800
       17.000	       12.000	        6.000	       18.000	      -27.000	       58.193	       24.450	      130.700	      987.500	        0.000	      503.200	       10.000
       17.000	       12.000	        6.000	       19.000	      -26.000	       58.060	       24.734	      154.100	      983.500	        0.000	      278.000	        6.700
       17.000	       12.000	        6.000	       20.000	      -25.000	       57.938	       25.022	      183.600	      976.800	        0.000	       31.400	        3.100
       17.000	       12.000	        6.000	       21.000	      -24.000	       57.813	       25.317	      206.700	      971.600	        0.000	       40.500	        0.000
       17.000	       12.000	        6.000	       22.000	      -23.000	       57.688	       25.598	      211.900	      967.700	        0.000	       47.700	        0.000
       17.000	       12.000	        6.000	       23.000	      -22.000	       57.576	       25.841	      193.100	      967.400	        0.000	       48.200	        0.000
       17.000	       12.000	        7.000	        0.000	      -21.000	       57.487	       26.043	      150.100	      972.700	        0.000	       39.600	        0.000
       17.000	       12.000	        7.000	        1.000	      -20.000	       57.436	       26.204	      103.700	      978.200	        0.000	       37.700	        0.000
       17.000	       12.000	        7.000	        2.000	      -19.000	       57.419	       26.328	       67.000	      984.000	        0.000	       36.400	        0.000
       17.000	       12.000	        7.000	        3.000	      -18.000	       57.427	       26.412	       40.400	      987.700	        0.000	       36.300	        0.000
       17.000	       12.000	        7.000	        4.000	      -17.000	       57.451	       26.461	       25.600	      989.800	        0.000	       50.800	        0.000
       17.000	       12.000	        7.000	        5.000	      -16.000	       57.487	       26.482	       18.400	      991.200	        0.000	       63.700	        0.000
       17.000	       12.000	        7.000	        6.000	      -15.000	       57.533	       26.477	       14.800	      992.000	        0.000	       76.200	        0.000
       17.000	       12.000	        7.000	        7.000	      -14.000	       57.590	       26.456	       12.800	      992.900	        0.000	      144.000	        8.400
       17.000	       12.000	        7.000	        8.000	      -13.000	       57.658	       26.426	       11.700	      993.800	        0.000	      213.500	       16.500
       17.000	       12.000	        7.000	        9.000	      -12.000	       57.739	       26.385	       11.500	      994.600	        0.000	      285.100	       24.200
       17.000	       12.000	        7.000	       10.000	      -11.000	       57.832	       26.338	       11.900	      994.400	        0.000	      357.100	       30.600
       17.000	       12.000	        7.000	       11.000	      -10.000	       57.938	       26.290	       12.900	      994.200	        0.000	      429.200	       38.000
       17.000	       12.000	        7.000	       12.000	       -9.000	       58.060	       26.241	       14.100	      993.700	        0.000	      496.700	       45.800
       17.000	       12.000	        7.000	       13.000	       -8.000	       58.196	       26.174	       15.800	      993.300	        0.000	      538.300	       30.500
       17.000	       12.000	        7.000	       14.000	       -7.000	       58.347	       26.069	       18.300	      992.100	        0.000	      586.500	       15.000
       17.000	       12.000	        7.000	       15.000	       -6.000	       58.513	       25.923	       21.700	      990.500	        0.200	      635.600	        0.000
       17.000	       12.000	        7.000	       16.000	       -5.000	       58.697	       25.759	       26.500	      988.000	        0.200	      605.500	        0.000
       17.000	       12.000	        7.000	       17.000	       -4.000	       58.907	       25.596	       33.000	      985.200	        0.200	      599.100	        0.000
       17.000	       12.000	        7.000	       18.000	       -3.000	       59.158	       25.415	       40.200	      985.100	        1.000	      608.400	        0.000
       17.000	       12.000	        7.000	       19.000	       -2.000	       59.456	       25.225	       49.500	      987.100	        1.000	      603.600	        0.000
       17.000	       12.000	        7.000	       20.000	       -1.000	       59.808	       25.064	       67.800	      988.100	        0.200	      579.100	        0.000
       17.000	       12.000	        7.000	       21.000	        0.000	       60.196	       24.952	      100.000	      979.100	        0.200	      560.000	        0.000
       17.000	       12.000	        7.000	       22.000	        1.000	       60.574	       24.851	      147.500	      965.900	        1.100	      581.000	        0.000
       17.000	       12.000	        7.000	       23.000	        2.000	       60.932	       24.704	      196.700	      950.400	        1.100	      549.200	        0.000
       17.000	       12.000	        8.000	        0.000	        3.000	       61.297	       24.524	      242.300	      943.200	        1.100	      532.600	        0.000
       17.000	       12.000	        8.000	        1.000	        4.000	       61.692	       24.323	      296.700	      935.800	        0.500	      563.500	        0.000
       17.000	       12.000	        8.000	        2.000	        5.000	       62.116	       24.088	      365.600	      926.100	        0.500	      568.300	        0.000
       17.000	       12.000	        8.000	        3.000	        6.000	       62.569	       23.827	      412.000	      916.900	        0.500	      594.100	        0.000
       17.000	       12.000	        8.000	        4.000	        7.000	       63.033	       23.518	      400.600	      922.500	        0.700	      600.900	        0.000
       17.000	       12.000	        8.000	        5.000	        8.000	       63.494	       23.172	      364.600	      935.000	        0.500	      528.300	        0.000
       17.000	       12.000	        8.000	        6.000	        9.000	       63.962	       22.798	      330.700	      942.700	        1.000	      454.500	        0.000
       17.000	       12.000	        8.000	        7.000	       10.000	       64.436	       22.351	      328.200	      946.400	        0.000	      518.500	        0.000
       17.000	       12.000	        8.000	        8.000	       11.000	       64.917	       21.854	      403.300	      937.100	        0.200	      527.900	        0.000
       17.000	       12.000	        8.000	        9.000	       12.000	       65.352	       21.294	      575.100	      909.500	        0.200	      574.000	        0.000
       17.000	       12.000	        8.000	       10.000	       13.000	       65.746	       20.699	      793.100	      869.900	        0.200	      589.300	        0.000
       17.000	       12.000	        8.000	       11.000	       14.000	       66.153	       20.096	      931.200	      837.100	        0.700	      587.500	        0.000
       17.000	       12.000	        8.000	       12.000	       15.000	       66.567	       19.521	     1014.300	      820.200	        0.500	      595.300	        0.000
       17.000	       12.000	        8.000	       13.000	       16.000	       66.972	       18.936	     1146.100	      798.200	        0.500	      521.400	        0.000
       17.000	       12.000	        8.000	       14.000	       17.000	       67.399	       18.242	     1252.600	      750.400	        0.700	      335.400	        0.000
       17.000	       12.000	        8.000	       15.000	       18.000	       67.887	       17.349	      985.300	      758.100	        0.000	       79.900	        0.000
       17.000	       12.000	        8.000	       16.000	       19.000	       68.213	       16.416	      433.400	      892.100	        0.000	      263.200	        0.000
       17.000	       12.000	        8.000	       17.000	       20.000	       68.324	       15.700	      137.000	      957.900	        0.000	      502.200	        0.000
       17.000	       12.000	        8.000	       18.000	       21.000	       68.387	       14.999	       66.000	      971.200	        0.000	      799.100	        0.000
       17.000	       12.000	        8.000	       19.000	       22.000	       68.469	       14.155	       80.900	      969.500	        0.000	      903.900	        0.000
       17.000	       12.000	        8.000	       20.000	       23.000	       68.592	       13.255	       97.000	      964.900	        0.000	     1018.000	        0.000
       17.000	       12.000	        8.000	       21.000	       24.000	       68.717	       12.432	       91.000	      968.000	        0.000	     1127.800	        0.000