
       17.000	        6.000	        7.000	       16.000	     -168.000	       79.384	       54.946	        0.000	     1019.900	        0.000	      154.800	      243.500
       17.000	        6.000	        7.000	       17.000	     -167.000	       79.386	       55.090	        0.000	     1019.600	        0.000	      114.000	      224.900
       17.000	        6.000	        7.000	       18.000	     -166.000	       79.381	       55.185	        0.000	     1019.300	        0.000	       74.100	      206.100
       17.000	        6.000	        7.000	       19.000	     -165.000	       79.372	       55.233	        0.000	     1019.100	        0.000	       81.900	      173.400
       17.000	        6.000	        7.000	       20.000	     -164.000	       79.364	       55.238	        0.000	     1018.900	        0.000	       89.500	      141.300
       17.000	        6.000	        7.000	       21.000	     -163.000	       79.356	       55.201	        0.000	     1018.800	        0.000	       98.600	      109.700
       17.000	        6.000	        7.000	       22.000	     -162.000	       79.341	       55.137	        0.000	     1018.900	        0.000	      127.000	      112.600
       17.000	        6.000	        7.000	       23.000	     -161.000	       79.314	       55.063	        0.000	     1018.900	        0.000	      151.700	      114.700
       17.000	        6.000	        8.000	        0.000	     -160.000	       79.274	       54.985	        0.000	     1018.900	        0.000	      169.300	      115.900
       17.000	        6.000	        8.000	        1.000	     -159.000	       79.224	       54.903	        0.400	     1018.700	        0.000	      220.100	      147.000
       17.000	        6.000	        8.000	        2.000	     -158.000	       79.165	       54.817	        0.300	     1018.600	        0.000	      274.600	      175.100
       17.000	        6.000	        8.000	        3.000	     -157.000	       79.096	       54.735	        0.100	     1018.400	        0.000	      333.200	      199.800
       17.000	        6.000	        8.000	        4.000	     -156.000	       79.019	       54.615	        0.000	     1018.100	        0.000	      379.700	      231.200
       17.000	        6.000	        8.000	        5.000	     -155.000	       78.934	       54.393	        0.000	     1017.800	        0.000	      400.900	      262.200
       17.000	        6.000	        8.000	        6.000	     -154.000	       78.843	       54.065	        0.000	     1017.600	        0.000	      412.500	      289.800
       17.000	        6.000	        8.000	        7.000	     -153.000	       78.747	       53.666	        0.000	     1018.400	        0.000	      402.300	      353.700
       17.000	        6.000	        8.000	        8.000	     -152.000	       78.646	       53.223	        0.000	     1019.000	        0.000	      386.500	      420.000
       17.000	        6.000	        8.000	        9.000	     -151.000	       78.539	       52.746	        0.000	     1019.400	        0.000	      356.200	      484.900
       17.000	        6.000	        8.000	       10.000	     -150.000	       78.422	       52.249	        0.000	     1019.700	        0.000	      358.200	      472.000
       17.000	        6.000	        8.000	       11.000	     -149.000	       78.291	       51.733	        0.000	     1020.200	        0.000	      368.100	      462.500
       17.000	        6.000	        8.000	       12.000	     -148.000	       78.146	       51.185	        0.000	     1021.100	        0.000	      395.500	      457.800
       17.000	        6.000	        8.000	       13.000	     -147.000	       77.991	       50.622	        0.000	     1021.000	        0.000	      354.400	      428.900
       17.000	        6.000	        8.000	       14.000	     -146.000	       77.831	       50.075	        0.000	     1020.900	        0.000	      337.100	      412.500
       17.000	        6.000	        8.000	       15.000	     -145.000	       77.665	       49.554	        0.000	     1020.800	        0.000	      358.000	      401.400
       17.000	        6.000	        8.000	       16.000	     -144.000	       77.493	       49.054	        0.000	     1020.900	        0.000	      348.500	      366.800
       17.000	        6.000	        8.000	       17.000	     -143.000	       77.318	       48.550	        0.000	     1021.000	        0.000	      336.800	      332.000
       17.000	        6.000	        8.000	       18.000	     -142.000	       77.143	       48.004	        0.000	     1021.100	        0.000	      351.900	      302.900
       17.000	        6.000	        8.000	       19.000	     -141.000	       76.968	       47.446	        0.000	     1021.000	        0.000	      372.100	      240.000
       17.000	        6.000	        8.000	       20.000	     -140.000	       76.793	       46.931	        0.000	     1021.000	        0.000	      393.700	      186.100
       17.000	        6.000	        8.000	       21.000	     -139.000	       76.617	       46.444	        0.000	     1022.000	        0.000	      430.500	      146.200
       17.000	        6.000	        8.000	       22.000	     -138.000	       76.434	       45.991	        0.000	     1023.100	        0.000	      461.800	      146.000
       17.000	        6.000	        8.000	       23.000	     -137.000	       76.242	       45.584	        0.000	     1023.600	        0.000	      503.100	      141.900
       17.000	        6.000	        9.000	        0.000	     -136.000	       76.040	       45.186	        0.000	     1024.500	        0.000	      546.000	      136.600
       17.000	        6.000	        9.000	        1.000	     -135.000	       75.834	       44.800	        0.000	     1023.800	        0.000	      551.200	      172.300
       17.000	        6.000	        9.000	        2.000	     -134.000	       75.629	       44.437	        0.000	     1023.400	        0.000	      557.500	      210.900
       17.000	        6.000	        9.000	        3.000	     -133.000	       75.423	       44.071	        0.000	     1024.000	        0.000	      564.500	      254.800
       17.000	        6.000	        9.000	        4.000	     -132.000	       75.212	       43.701	        0.000	     1024.100	        0.000	      583.600	      282.100
       17.000	        6.000	        9.000	        5.000	     -131.000	       74.995	       43.336	        0.000	     1024.000	        0.000	      605.800	      311.900
       17.000	        6.000	        9.000	        6.000	     -130.000	       74.778	       42.974	        0.000	     1024.000	        0.000	      637.000	      338.600
       17.000	        6.000	        9.000	        7.000	     -129.000	       74.565	       42.621	        0.000	     1023.900	        0.000	      640.900	      392.000
       17.000	        6.000	        9.000	        8.000	     -128.000	       74.360	       42.268	        0.000	     1023.800	        0.000	      637.900	      431.900
       17.000	        6.000	        9.000	        9.000	     -127.000	       74.163	       41.902	        0.000	     1023.800	        0.000	      628.000	      466.300
       17.000	        6.000	        9.000	       10.000	     -126.000	       73.979	       41.549	        0.000	     1023.600	        0.000	      620.400	      470.800
       17.000	        6.000	        9.000	       11.000	     -125.000	       73.807	       41.247	        0.000	     1023.400	        0.000	      612.700	      488.300
       17.000	        6.000	        9.000	       12.000	     -124.000	       73.645	       40.989	        0.000	     1023.200	        0.000	      605.000	      491.600
       17.000	        6.000	        9.000	       13.000	     -123.000	       73.485	       40.747	        0.000	     1023.500	        0.000	      610.100	      450.400
       17.000	        6.000	        9.000	       14.000	     -122.000	       73.323	       40.499	        0.000	     1023.400	        0.000	      613.500	      405.700
       17.000	        6.000	        9.000	       15.000	     -121.000	       73.161	       40.238	        0.000	     1023.200	        0.000	      620.200	      358.200
       17.000	        6.000	        9.000	       16.000	     -120.000	       73.004	       39.965	        0.000	     1023.100	        0.000	      621.600	      337.600
       17.000	        6.000	        9.000	       17.000	     -119.000	       72.855	       39.691	        0.000	     1023.100	        0.000	      613.700	      326.400
       17.000	        6.000	        9.000	       18.000	     -118.000	       72.712	       39.430	        0.000	     1023.000	        0.000	      615.000	      305.500
       17.000	        6.000	        9.000	       19.000	     -117.000	       72.570	       39.185	        0.000	     1023.100	        0.000	      616.700	      227.600
       17.000	        6.000	        9.000	       20.000	     -116.000	       72.429	       38.957	        0.000	     1023.200	        0.000	      609.800	      140.500
       17.000	        6.000	        9.000	       21.000	     -115.000	       72.287	       38.744	        0.000	     1023.300	        0.000	      597.000	       51.800
       17.000	        6.000	        9.000	       22.000	     -114.000	       72.145	       38.549	        0.000	     1023.300	        0.000	      586.100	       47.400
       17.000	        6.000	        9.000	       23.000	     -113.000	       72.004	       38.373	        0.000	     1023.300	        0.000	      568.500	       41.800
       17.000	        6.000	       10.000	        0.000	     -112.000	       71.863	       38.226	        0.000	     1023.200	        0.000	      560.200	       38.900
       17.000	        6.000	       10.000	        1.000	     -111.000	       71.725	       38.103	        0.000	     1022.100	        0.000	      582.700	       51.200
       17.000	        6.000	       10.000	        2.000	     -110.000	       71.588	       37.997	        0.000	     1021.000	        0.000	      599.000	       63.400
       17.000	        6.000	       10.000	        3.000	     -109.000	       71.451	       37.906	        0.000	     1019.800	        0.000	      610.500	       75.600
       17.000	        6.000	       10.000	        4.000	     -108.000	       71.314	       37.831	        0.000	     1019.900	        0.000	      596.600	       93.000
       17.000	        6.000	       10.000	        5.000	     -107.000	       71.179	       37.778	        0.000	     1020.000	        0.000	      572.600	      110.600
       17.000	        6.000	       10.000	        6.000	     -106.000	       71.047	       37.750	        0.000	     1020.100	        0.000	      539.100	      128.300
       17.000	        6.000	       10.000	        7.000	     -105.000	       70.916	       37.745	        0.000	     1020.200	        0.000	      571.800	      184.200
       17.000	        6.000	       10.000	        8.000	     -104.000	       70.782	       37.754	        0.000	     1020.300	        0.000	      601.600	      243.000
       17.000	        6.000	       10.000	        9.000	     -103.000	       70.646	       37.779	        0.000	     1020.400	        0.000	      623.700	      303.500
       17.000	        6.000	       10.000	       10.000	     -102.000	       70.507	       37.816	        0.000	     1019.400	        0.000	      624.700	      313.600
       17.000	        6.000	       10.000	       11.000	     -101.000	       70.366	       37.863	        0.000	     1018.500	        0.000	      619.500	      323.000
       17.000	        6.000	       10.000	       12.000	     -100.000	       70.225	       37.927	        0.000	     1017.400	        0.000	      608.100	      331.600
       17.000	        6.000	       10.000	       13.000	      -99.000	       70.077	       38.004	        0.000	     1017.400	        0.000	      623.000	      299.800
       17.000	        6.000	       10.000	       14.000	      -98.000	       69.922	       38.082	        0.000	     1017.500	        0.000	      655.900	      277.700
       17.000	        6.000	       10.000	       15.000	      -97.000	       69.761	       38.161	        0.000	     1017.700	        0.000	      685.200	      264.400
       17.000	        6.000	       10.000	       16.000	      -96.000	       69.599	       38.231	        0.000	     1017.700	        0.000	      702.700	      255.700
       17.000	        6.000	       10.000	       17.000	      -95.000	       69.438	       38.291	        0.000	     1017.600	        0.000	      704.000	      238.300
       17.000	        6.000	       10.000	       18.000	      -94.000	       69.277	       38.356	        0.000	     1017.300	        0.000	      688.800	      213.500
       17.000	        6.000	       10.000	       19.000	      -93.000	       69.112	       38.430	        0.000	     1016.400	        0.000	      701.900	      155.600
       17.000	        6.000	       10.000	       20.000	      -92.000	       68.939	       38.512	        0.000	     1014.000	        0.000	      702.100	       91.100
       17.000	        6.000	       10.000	       21.000	      -91.000	       68.761	       38.592	        0.000	     1008.700	        0.000	      623.800	       26.700
       17.000	        6.000	       10.000	       22.000	      -90.000	       68.585	       38.650	        0.000	     1003.900	        0.000	      582.300	       25.400
       17.000	        6.000	       10.000	       23.000	      -89.000	       68.413	       38.693	        0.000	      999.000	        0.000	      587.200	       23.800
       17.000	        6.000	       11.000	        0.000	      -88.000	       68.245	       38.740	        0.000	      993.800	        0.000	      639.900	       22.000
       17.000	        6.000	       11.000	        1.000	      -87.000	       68.080	       38.791	        0.000	      989.200	        0.000	      624.100	       35.600
       17.000	        6.000	       11.000	        2.000	      -86.000	       67.916	       38.824	        0.000	      987.100	        0.000	      626.800	       51.900
       17.000	        6.000	       11.000	        3.000	      -85.000	       67.751	       38.829	        0.000	      987.300	        0.000	      659.200	       78.000
       17.000	        6.000	       11.000	        4.000	      -84.000	       67.590	       38.811	        0.000	      987.500	        0.000	      659.000	      106.100
       17.000	        6.000	       11.000	        5.000	      -83.000	       67.438	       38.787	        0.000	      987.700	        0.000	      668.200	      130.900
       17.000	        6.000	       11.000	        6.000	      -82.000	       67.295	       38.762	        0.000	      988.000	        0.000	      687.500	      152.300
       17.000	        6.000	       11.000	        7.000	      -81.000	       67.163	       38.735	        4.000	      988.400	        0.000	      715.800	      190.500
       17.000	        6.000	       11.000	        8.000	      -80.000	       67.041	       38.709	       13.300	      988.800	        0.000	      741.800	      211.900
       17.000	        6.000	       11.000	        9.000	      -79.000	       66.927	       38.682	       24.800	      988.200	        0.000	      761.700	      246.400
       17.000	        6.000	       11.000	       10.000	      -78.000	       66.817	       38.666	       39.100	      988.900	        0.000	      721.100	      270.200
       17.000	        6.000	       11.000	       11.000	      -77.000	       66.713	       38.679	       47.100	      990.200	        0.000	      668.200	      289.800
       17.000	        6.000	       11.000	       12.000	      -76.000	       66.620	       38.729	       49.200	      991.800	        0.000	      606.900	      304.100
       17.000	        6.000	       11.000	       13.000	      -75.000	       66.532	       38.787	       49.200	      993.700	        0.000	      547.500	      279.100
       17.000	        6.000	       11.000	       14.000	      -74.000	       66.439	       38.825	       49.300	      995.800	        0.000	      459.600	      248.500
       17.000	        6.000	       11.000	       15.000	      -73.000	       66.342	       38.844	       49.300	      998.000	        0.000	      340.400	      212.300
       17.000	        6.000	       11.000	       16.000	      -72.000	       66.247	       38.834	       49.300	      999.600	        0.000	      228.900	      198.100
       17.000	        6.000	       11.000	       17.000	      -71.000	       66.160	       38.780	       49.400	     1001.000	        0.000	      152.900	      182.500
       17.000	        6.000	       11.000	       18.000	      -70.000	       66.078	       38.679	       49.400	     1002.300	        0.000	      110.800	      165.800
       17.000	        6.000	       11.000	       19.000	      -69.000	       65.994	       38.540	       49.400	     1004.000	        0.000	      160.400	      122.400
       17.000	        6.000	       11.000	       20.000	      -68.000	       65.902	       38.375	       49.400	     1004.000	        0.000	      275.600	       78.300
       17.000	        6.000	       11.000	       21.000	      -67.000	       65.799	       38.181	       49.400	     1003.900	        0.000	      396.500	       21.100
       17.000	        6.000	       11.000	       22.000	      -66.000	       65.694	       37.959	       49.100	     1003.400	        0.000	      388.300	       18.400
       17.000	        6.000	       11.000	       23.000	      -65.000	       65.606	       37.717	       45.500	     1002.400	        0.000	      329.800	       12.400
       17.000	        6.000	       12.000	        0.000	      -64.000	       65.542	       37.469	       36.000	     1001.900	        0.000	      264.900	        8.000
       17.000	        6.000	       12.000	        1.000	      -63.000	       65.498	       37.225	       23.100	     1002.000	        0.000	      297.100	       37.600
       17.000	        6.000	       12.000	        2.000	      -62.000	       65.467	       36.990	       12.200	     1002.200	        0.000	      339.200	       66.900
       17.000	        6.000	       12.000	        3.000	      -61.000	       65.444	       36.751	        5.700	     1003.800	        0.000	      357.000	       91.600
       17.000	        6.000	       12.000	        4.000	      -60.000	       65.429	       36.509	        1.900	     1004.500	        0.000	      322.000	      128.300
       17.000	        6.000	       12.000	        5.000	      -59.000	       65.417	       36.282	        0.300	     1004.900	        0.000	      256.300	      159.800
       17.000	        6.000	       12.000	        6.000	      -58.000	       65.401	       36.078	        0.000	     1004.900	        0.000	      163.100	      188.400
       17.000	        6.000	       12.000	        7.000	      -57.000	       65.374	       35.888	        0.000	     1005.200	        0.000	      112.600	      334.500
       17.000	        6.000	       12.000	        8.000	      -56.000	       65.337	       35.695	        0.000	     1005.200	        0.000	      100.900	      489.000
       17.000	        6.000	       12.000	        9.000	      -55.000	       65.291	       35.483	        0.000	     1005.200	        0.000	       87.900	      644.300
       17.000	        6.000	       12.000	       10.000	      -54.000	       65.243	       35.234	        0.000	     1004.400	        0.000	       69.800	      670.200
       17.000	        6.000	       12.000	       11.000	      -53.000	       65.201	       34.937	        0.000	     1003.000	        0.000	      113.200	      688.800
       17.000	        6.000	       12.000	       12.000	      -52.000	       65.168	       34.616	        0.000	      999.300	        0.000	      422.600	      694.500
       17.000	        6.000	       12.000	       13.000	      -51.000	       65.145	       34.300	        0.000	      996.200	        0.000	      673.000	      639.400
       17.000	        6.000	       12.000	       14.000	      -50.000	       65.133	       33.995	        4.100	      993.400	        0.000	      841.100	      586.500
       17.000	        6.000	       12.000	       15.000	      -49.000	       65.122	       33.691	        8.200	      992.100	        0.000	      824.800	      530.500
       17.000	        6.000	       12.000	       16.000	      -48.000	       65.111	       33.380	       11.100	      989.700	        0.000	      743.500	      478.200
       17.000	        6.000	       12.000	       17.000	      -47.000	       65.103	       33.068	       12.600	      986.900	        0.000	      627.200	      429.000
       17.000	        6.000	       12.000	       18.000	      -46.000	       65.097	       32.756	       12.900	      985.100	        0.000	      476.300	      367.500
       17.000	        6.000	       12.000	       19.000	      -45.000	       65.088	       32.443	       12.900	      985.200	        0.000	      430.500	      242.100
       17.000	        6.000	       12.000	       20.000	      -44.000	       65.076	       32.128	       12.900	      984.700	        0.000	      370.600	      130.200
       17.000	        6.000	       12.000	       21.000	      -43.000	       65.058	       31.813	       12.900	      983.600	        0.000	      302.900	       32.100
       17.000	        6.000	       12.000	       22.000	      -42.000	       65.038	       31.494	       12.900	      982.300	        0.000	      305.800	       26.800
       17.000	        6.000	       12.000	       23.000	      -41.000	       65.018	       31.172	       12.700	      980.900	        0.000	      296.600	       21.500
       17.000	        6.000	       13.000	        0.000	      -40.000	       64.994	       30.858	       13.000	      979.000	        0.000	      282.800	       15.900
       17.000	        6.000	       13.000	        1.000	      -39.000	       64.961	       30.548	       14.900	      976.600	        0.000	      343.700	       41.600
       17.000	        6.000	       13.000	        2.000	      -38.000	       64.914	       30.227	       20.100	      974.100	        0.000	      397.200	       61.400
       17.000	        6.000	       13.000	        3.000	      -37.000	       64.851	       29.884	       29.500	      971.100	        0.000	      444.600	       76.400
       17.000	        6.000	       13.000	        4.000	      -36.000	       64.777	       29.508	       40.300	      968.600	        0.000	      681.400	      114.700
       17.000	        6.000	       13.000	        5.000	      -35.000	       64.694	       29.111	       45.600	      967.300	        0.000	      884.400	      149.000
       17.000	        6.000	       13.000	        6.000	      -34.000	       64.602	       28.711	       46.500	      966.500	        0.000	     1070.300	      184.300
       17.000	        6.000	       13.000	        7.000	      -33.000	       64.500	       28.317	       46.500	      966.500	        0.000	     1218.200	      343.900
       17.000	        6.000	       13.000	        8.000	      -32.000	       64.384	       27.934	       46.500	      966.800	        0.000	     1344.300	      507.100
       17.000	        6.000	       13.000	        9.000	      -31.000	       64.252	       27.556	       46.500	      969.400	        0.000	     1458.400	      670.000
       17.000	        6.000	       13.000	       10.000	      -30.000	       64.103	       27.198	       46.500	      970.600	        0.000	     1627.900	      688.800
       17.000	        6.000	       13.000	       11.000	      -29.000	       63.945	       26.878	       46.600	      972.100	        0.000	     1820.000	      682.900
       17.000	        6.000	       13.000	       12.000	      -28.000	       63.785	       26.591	       46.600	      974.700	        0.000	     2034.700	      634.500
       17.000	        6.000	       13.000	       13.000	      -27.000	       63.624	       26.318	       46.600	      977.000	        0.000	     2062.900	      582.200
       17.000	        6.000	       13.000	       14.000	      -26.000	       63.452	       26.048	       46.700	      978.800	        0.000	     2110.300	      582.800
       17.000	        6.000	       13.000	       15.000	      -25.000	       63.269	       25.790	       46.700	      978.600	        0.000	     2124.600	      626.500
       17.000	        6.000	       13.000	       16.000	      -24.000	       63.091	       25.545	       47.500	      976.800	        0.000	     1687.900	      574.500
       17.000	        6.000	       13.000	       17.000	      -23.000	       62.941	       25.313	       49.600	      975.200	        0.000	     1146.900	      500.700
       17.000	        6.000	       13.000	       18.000	      -22.000	       62.818	       25.115	       53.600	      974.400	        0.000	      555.300	      415.800
       17.000	        6.000	       13.000	       19.000	      -21.000	       62.705	       24.966	       58.800	      974.200	        0.000	      344.300	      267.800
       17.000	        6.000	       13.000	       20.000	      -20.000	       62.580	       24.851	       63.600	      974.900	        0.000	      228.300	      139.800
       17.000	        6.000	       13.000	       21.000	      -19.000	       62.445	       24.746	       67.300	      975.800	        0.000	      111.300	       31.100
       17.000	        6.000	       13.000	       22.000	      -18.000	       62.306	       24.651	       69.900	      976.300	        0.000	       93.200	       25.800
       17.000	        6.000	       13.000	       23.000	      -17.000	       62.178	       24.585	       71.500	      976.800	        0.000	       67.500	       20.700
       17.000	        6.000	       14.000	        0.000	      -16.000	       62.065	       24.569	       72.000	      977.300	        0.000	       41.000	       15.800
       17.000	        6.000	       14.000	        1.000	      -15.000	       61.960	       24.583	       72.000	      977.700	        0.000	       66.900	       25.100
       17.000	        6.000	       14.000	        2.000	      -14.000	       61.847	       24.597	       72.000	      977.900	        0.000	      101.300	       33.300
       17.000	        6.000	       14.000	        3.000	      -13.000	       61.726	       24.608	       72.000	      978.100	        0.000	      134.600	       41.000
       17.000	        6.000	       14.000	        4.000	      -12.000	       61.602	       24.611	       72.000	      978.800	        0.000	      398.600	       87.600
       17.000	        6.000	       14.000	        5.000	      -11.000	       61.477	       24.605	       72.000	      979.300	        0.000	      646.300	      134.500
       17.000	        6.000	       14.000	        6.000	      -10.000	       61.353	       24.592	       72.000	      979.600	        0.000	      875.400	      181.400
       17.000	        6.000	       14.000	        7.000	       -9.000	       61.221	       24.579	       72.000	      979.600	        0.000	     1121.700	      342.400
       17.000	        6.000	       14.000	        8.000	       -8.000	       61.074	       24.569	       72.000	      979.600	        0.000	     1408.800	      504.800
       17.000	        6.000	       14.000	        9.000	       -7.000	       60.915	       24.563	       72.700	      981.000	        0.000	     1615.900	      669.200
       17.000	        6.000	       14.000	       10.000	       -6.000	       60.763	       24.568	       75.000	      983.600	        0.000	     1518.600	      691.900
       17.000	        6.000	       14.000	       11.000	       -5.000	       60.629	       24.592	       79.100	      985.700	        0.000	     1412.100	      713.400
       17.000	        6.000	       14.000	       12.000	       -4.000	       60.515	       24.636	       84.800	      987.200	        0.000	     1290.100	      733.500
       17.000	        6.000	       14.000	       13.000	       -3.000	       60.417	       24.696	       91.200	      988.200	        0.000	     1081.400	      673.500
       17.000	        6.000	       14.000	       14.000	       -2.000	       60.332	       24.770	       96.100	      989.200	        0.000	      871.300	      615.700
       17.000	        6.000	       14.000	       15.000	       -1.000	       60.260	       24.858	       98.100	      990.900	        0.000	      657.000	      557.200
       17.000	        6.000	       14.000	       16.000	        0.000	       60.196	       24.952	      100.000	      991.900	        0.000	      313.000	      496.400
       17.000	        6.000	       14.000	       17.000	        1.000	       60.129	       25.042	      104.700	      992.900	        0.000	      107.800	      439.200
       17.000	        6.000	       14.000	       18.000	        2.000	       60.042	       25.133	      110.000	      993.800	        0.000	       25.000	      391.800
       17.000	        6.000	       14.000	       19.000	        3.000	       59.947	       25.250	      114.900	      993.800	        0.000	       29.300	      278.200
       17.000	        6.000	       14.000	       20.000	        4.000	       59.854	       25.401	      121.300	      992.500	        0.000	       33.200	      156.000
       17.000	        6.000	       14.000	       21.000	        5.000	       59.758	       25.566	      129.400	      991.000	        0.000	       35.400	       24.000
       17.000	        6.000	       14.000	       22.000	        6.000	       59.652	       25.721	      137.100	      989.300	        0.000	       31.800	       18.700
       17.000	        6.000	       14.000	       23.000	        7.000	       59.534	       25.858	      142.300	      987.500	        0.000	       28.100	       13.300
       17.000	        6.000	       15.000	        0.000	        8.000	       59.405	       25.992	      144.000	      986.100	        0.000	       25.000	        8.000
       17.000	        6.000	       15.000	        1.000	        9.000	       59.267	       26.126	      144.200	      985.500	        0.000	       49.700	       16.700
       17.000	        6.000	       15.000	        2.000	       10.000	       59.127	       26.256	      144.600	      984.500	        0.000	       79.900	       24.700
       17.000	        6.000	       15.000	        3.000	       11.000	       58.982	       26.387	      144.700	      983.900	        0.000	      113.900	       31.900
       17.000	        6.000	       15.000	        4.000	       12.000	       58.838	       26.502	      144.700	      984.500	        0.000	      467.900	       80.700
       17.000	        6.000	       15.000	        5.000	       13.000	       58.701	       26.587	      144.700	      985.000	        0.000	      724.200	      129.900
       17.000	        6.000	       15.000	        6.000	       14.000	       58.578	       26.644	      144.700	      985.300	        0.000	      913.400	      179.000
       17.000	        6.000	       15.000	        7.000	       15.000	       58.457	       26.685	      144.700	      985.400	        0.000	     1142.000	      346.300
       17.000	        6.000	       15.000	        8.000	       16.000	       58.327	       26.717	      144.700	      985.300	        0.000	     1451.100	      515.000
       17.000	        6.000	       15.000	        9.000	       17.000	       58.185	       26.740	      144.700	      985.000	        0.000	     1848.600	      685.400
       17.000	        6.000	       15.000	       10.000	       18.000	       58.032	       26.762	      144.700	      984.800	        0.000	     1920.600	      709.000
       17.000	        6.000	       15.000	       11.000	       19.000	       57.870	       26.791	      144.900	      984.400	        0.000	     1979.800	      731.900
       17.000	        6.000	       15.000	       12.000	       20.000	       57.699	       26.828	      145.300	      984.200	        0.000	     2044.800	      754.400
       17.000	        6.000	       15.000	       13.000	       21.000	       57.524	       26.869	      154.200	      983.900	        0.000	     2012.700	      712.400
       17.000	        6.000	       15.000	       14.000	       22.000	       57.349	       26.914	      174.800	      980.600	        0.000	     2029.500	      671.400
       17.000	        6.000	       15.000	       15.000	       23.000	       57.171	       26.968	      194.900	      977.900	        0.000	     2106.400	      631.000
       17.000	        6.000	       15.000	       16.000	       24.000	       56.995	       26.999	      204.600	      976.800	        0.000	     1497.500	      568.000