
       17.000	       11.000	       30.000	        8.000	     -168.000	       80.733	      -18.184	      462.400	      915.700	        0.000	       26.300	        0.000
       17.000	       11.000	       30.000	        9.000	     -167.000	       80.639	      -18.998	      387.500	      931.800	        0.000	       25.000	        0.000
       17.000	       11.000	       30.000	       10.000	     -166.000	       80.553	      -19.665	      500.600	      896.600	        0.000	       26.700	        0.000
       17.000	       11.000	       30.000	       11.000	     -165.000	       80.471	      -20.296	      759.600	      851.500	        0.000	       28.400	        0.000
       17.000	       11.000	       30.000	       12.000	     -164.000	       80.385	      -20.765	      858.500	      839.000	        0.000	       30.100	        0.000
       17.000	       11.000	       30.000	       13.000	     -163.000	       80.297	      -21.095	      797.700	      842.400	        0.000	       28.600	        0.000
       17.000	       11.000	       30.000	       14.000	     -162.000	       80.217	      -21.300	      713.900	      852.000	        0.000	       27.100	        0.000
       17.000	       11.000	       30.000	       15.000	     -161.000	       80.145	      -21.379	      628.800	      861.600	        0.000	       25.600	        0.000
       17.000	       11.000	       30.000	       16.000	     -160.000	       80.078	      -21.351	      546.800	      869.600	        0.000	       25.400	        0.000
       17.000	       11.000	       30.000	       17.000	     -159.000	       80.014	      -21.236	      482.600	      874.400	        0.000	       25.200	        0.000
       17.000	       11.000	       30.000	       18.000	     -158.000	       79.947	      -21.092	      444.900	      881.200	        0.000	       26.300	        0.000
       17.000	       11.000	       30.000	       19.000	     -157.000	       79.875	      -20.968	      428.200	      888.900	        0.000	       33.500	        0.000
       17.000	       11.000	       30.000	       20.000	     -156.000	       79.796	      -20.894	      434.200	      895.100	        0.000	       40.600	        0.000
       17.000	       11.000	       30.000	       21.000	     -155.000	       79.716	      -20.879	      456.900	      895.000	        0.000	       47.000	        0.000
       17.000	       11.000	       30.000	       22.000	     -154.000	       79.637	      -20.899	      478.600	      894.800	        0.000	       48.100	        0.000
       17.000	       11.000	       30.000	       23.000	     -153.000	       79.554	      -20.911	      483.300	      897.200	        0.000	       50.300	        0.000
       17.000	       12.000	        1.000	        0.000	     -152.000	       79.464	      -20.898	      467.100	      905.300	        0.000	       53.900	        0.000
       17.000	       12.000	        1.000	        1.000	     -151.000	       79.363	      -20.856	      438.500	      914.700	        0.000	       55.900	        0.000
       17.000	       12.000	        1.000	        2.000	     -150.000	       79.252	      -20.809	      409.700	      924.100	        0.000	       56.100	        0.000
       17.000	       12.000	        1.000	        3.000	     -149.000	       79.127	      -20.766	      378.800	      933.500	        0.000	       54.200	        0.000
       17.000	       12.000	        1.000	        4.000	     -148.000	       78.989	      -20.742	      341.900	      945.500	        0.000	       50.700	        0.000
       17.000	       12.000	        1.000	        5.000	     -147.000	       78.846	      -20.735	      304.300	      953.600	        0.000	       43.300	        0.000
       17.000	       12.000	        1.000	        6.000	     -146.000	       78.712	      -20.761	      283.400	      957.000	        0.000	       36.800	        0.000
       17.000	       12.000	        1.000	        7.000	     -145.000	       78.601	      -20.807	      271.700	      959.800	        0.000	       31.600	        0.000
       17.000	       12.000	        1.000	        8.000	     -144.000	       78.514	      -20.834	      255.300	      963.200	        0.000	       27.800	        0.000
       17.000	       12.000	        1.000	        9.000	     -143.000	       78.454	      -20.831	      231.400	      967.800	        0.000	       25.000	        0.000
       17.000	       12.000	        1.000	       10.000	     -142.000	       78.415	      -20.811	      204.800	      971.800	        0.000	       25.000	        0.000
       17.000	       12.000	        1.000	       11.000	     -141.000	       78.395	      -20.806	      181.000	      975.100	        0.000	       25.000	        0.000
       17.000	       12.000	        1.000	       12.000	     -140.000	       78.392	      -20.816	      160.000	      977.400	        0.000	       25.000	        0.000
       17.000	       12.000	        1.000	       13.000	     -139.000	       78.406	      -20.826	      139.900	      979.700	        0.000	       27.700	        0.000
       17.000	       12.000	        1.000	       14.000	     -138.000	       78.430	      -20.818	      120.100	      981.100	        0.000	       30.300	        0.000
       17.000	       12.000	        1.000	       15.000	     -137.000	       78.461	      -20.798	      100.700	      982.900	        0.000	       33.000	        0.000
       17.000	       12.000	        1.000	       16.000	     -136.000	       78.495	      -20.785	       83.700	      984.100	        0.000	       30.300	        0.000
       17.000	       12.000	        1.000	       17.000	     -135.000	       78.535	      -20.800	       71.000	      984.700	        0.000	       27.700	        0.000
       17.000	       12.000	        1.000	       18.000	     -134.000	       78.582	      -20.846	       64.900	      983.200	        0.000	       25.000	        0.000
       17.000	       12.000	        1.000	       19.000	     -133.000	       78.636	      -20.903	       65.800	      981.000	        0.000	       25.000	        0.000
       17.000	       12.000	        1.000	       20.000	     -132.000	       78.695	      -20.952	       72.400	      977.800	        0.000	       25.000	        0.000
       17.000	       12.000	        1.000	       21.000	     -131.000	       78.758	      -20.990	       85.700	      973.100	        0.000	       25.000	        0.000
       17.000	       12.000	        1.000	       22.000	     -130.000	       78.826	      -21.016	      104.000	      967.800	        0.000	       25.000	        0.000
       17.000	       12.000	        1.000	       23.000	     -129.000	       78.896	      -21.027	      123.300	      962.800	        0.000	       25.000	        0.000
       17.000	       12.000	        2.000	        0.000	     -128.000	       78.968	      -21.021	      142.200	      957.600	        0.000	       25.000	        0.000
       17.000	       12.000	        2.000	        1.000	     -127.000	       79.032	      -20.973	      154.700	      955.300	        0.000	       25.000	        0.000
       17.000	       12.000	        2.000	        2.000	     -126.000	       79.069	      -20.873	      153.700	      955.600	        0.000	       25.000	        0.000
       17.000	       12.000	        2.000	        3.000	     -125.000	       79.077	      -20.723	      137.400	      960.300	        0.000	       25.000	        0.000
       17.000	       12.000	        2.000	        4.000	     -124.000	       79.044	      -20.511	       99.000	      974.400	        0.000	       27.400	        0.000
       17.000	       12.000	        2.000	        5.000	     -123.000	       78.972	      -20.272	       46.700	      990.200	        0.000	       27.400	        0.000
       17.000	       12.000	        2.000	        6.000	     -122.000	       78.887	      -20.067	       25.300	      996.500	        0.000	       25.800	        0.000
       17.000	       12.000	        2.000	        7.000	     -121.000	       78.798	      -19.896	       26.200	      997.900	        0.000	       30.600	        0.000
       17.000	       12.000	        2.000	        8.000	     -120.000	       78.709	      -19.724	       30.800	      998.700	        0.000	       34.100	        0.000
       17.000	       12.000	        2.000	        9.000	     -119.000	       78.620	      -19.517	       31.400	     1000.500	        0.000	       36.100	        0.000
       17.000	       12.000	        2.000	       10.000	     -118.000	       78.534	      -19.266	       27.700	     1003.100	        0.000	       33.500	        0.000
       17.000	       12.000	        2.000	       11.000	     -117.000	       78.454	      -18.975	       23.800	     1005.300	        0.000	       30.100	        0.000
       17.000	       12.000	        2.000	       12.000	     -116.000	       78.375	      -18.650	       24.900	     1003.900	        0.000	       38.500	        0.000
       17.000	       12.000	        2.000	       13.000	     -115.000	       78.282	      -18.305	       30.300	     1003.500	        0.000	       55.600	        0.000
       17.000	       12.000	        2.000	       14.000	     -114.000	       78.163	      -17.950	       39.700	     1003.300	        0.000	       82.300	        0.000
       17.000	       12.000	        2.000	       15.000	     -113.000	       78.015	      -17.592	       56.400	     1002.200	        0.000	      137.100	        0.000
       17.000	       12.000	        2.000	       16.000	     -112.000	       77.849	      -17.257	       77.700	      998.700	        0.000	      132.300	        0.000
       17.000	       12.000	        2.000	       17.000	     -111.000	       77.678	      -16.955	       95.000	      996.500	        0.000	      113.800	        0.000
       17.000	       12.000	        2.000	       18.000	     -110.000	       77.502	      -16.656	      105.100	      995.700	        0.000	       93.800	        0.000
       17.000	       12.000	        2.000	       19.000	     -109.000	       77.318	      -16.351	      109.500	      995.400	        0.000	       89.200	        0.000
       17.000	       12.000	        2.000	       20.000	     -108.000	       77.131	      -16.043	      110.700	      995.800	        0.000	       79.200	        0.000
       17.000	       12.000	        2.000	       21.000	     -107.000	       76.941	      -15.740	      113.100	      995.200	        0.000	       64.300	        0.000
       17.000	       12.000	        2.000	       22.000	     -106.000	       76.752	      -15.434	      115.600	      995.200	        0.000	       73.800	        0.000
       17.000	       12.000	        2.000	       23.000	     -105.000	       76.567	      -15.118	      113.200	      995.600	        0.000	       77.600	        0.000
       17.000	       12.000	        3.000	        0.000	     -104.000	       76.383	      -14.799	      102.200	      998.300	        0.000	       80.400	        0.000
       17.000	       12.000	        3.000	        1.000	     -103.000	       76.208	      -14.460	       87.300	     1000.400	        0.000	       90.300	        0.000
       17.000	       12.000	        3.000	        2.000	     -102.000	       76.045	      -14.094	       76.500	     1002.000	        0.000	       90.000	        0.000
       17.000	       12.000	        3.000	        3.000	     -101.000	       75.890	      -13.708	       71.700	     1002.000	        0.000	      118.300	        0.000
       17.000	       12.000	        3.000	        4.000	     -100.000	       75.737	      -13.283	       70.300	     1001.800	        0.000	      170.500	        0.000
       17.000	       12.000	        3.000	        5.000	      -99.000	       75.586	      -12.802	       69.600	     1001.900	        0.000	      235.800	        0.000
       17.000	       12.000	        3.000	        6.000	      -98.000	       75.436	      -12.280	       69.300	     1001.800	        0.000	      336.000	        0.000
       17.000	       12.000	        3.000	        7.000	      -97.000	       75.280	      -11.710	       68.300	     1001.400	        0.000	      456.000	        0.000
       17.000	       12.000	        3.000	        8.000	      -96.000	       75.106	      -11.066	       66.400	     1001.000	        0.000	      595.400	        0.000
       17.000	       12.000	        3.000	        9.000	      -95.000	       74.914	      -10.320	       65.300	     1000.800	        0.000	      734.900	        0.000
       17.000	       12.000	        3.000	       10.000	      -94.000	       74.700	       -9.474	       64.800	     1000.200	        0.000	      850.400	        0.000
       17.000	       12.000	        3.000	       11.000	      -93.000	       74.464	       -8.560	       64.900	      999.500	        0.000	      931.500	        0.000
       17.000	       12.000	        3.000	       12.000	      -92.000	       74.223	       -7.589	       65.300	      998.800	        0.000	      978.500	        0.000
       17.000	       12.000	        3.000	       13.000	      -91.000	       73.980	       -6.591	       65.300	      998.100	        0.500	     1065.000	        0.000
       17.000	       12.000	        3.000	       14.000	      -90.000	       73.740	       -5.595	       65.300	      997.400	        0.000	     1154.300	        0.000
       17.000	       12.000	        3.000	       15.000	      -89.000	       73.508	       -4.594	       65.300	      996.700	        0.200	     1244.600	        0.000
       17.000	       12.000	        3.000	       16.000	      -88.000	       73.288	       -3.572	       65.500	      996.300	        0.200	     1283.500	        0.000
       17.000	       12.000	        3.000	       17.000	      -87.000	       73.077	       -2.493	       66.700	      995.700	        0.200	     1363.200	        0.000
       17.000	       12.000	        3.000	       18.000	      -86.000	       72.863	       -1.344	       69.600	      994.700	        0.000	     1420.700	        0.000
       17.000	       12.000	        3.000	       19.000	      -85.000	       72.650	       -0.174	       74.300	      994.800	        0.000	     1437.800	        3.300
       17.000	       12.000	        3.000	       20.000	      -84.000	       72.441	        0.968	       72.500	      993.700	        0.000	     1486.400	        0.100
       17.000	       12.000	        3.000	       21.000	      -83.000	       72.239	        2.096	       72.500	      993.500	        0.000	     1600.800	        0.000
       17.000	       12.000	        3.000	       22.000	      -82.000	       72.052	        3.204	       72.900	      993.300	        0.000	     1600.100	        0.000
       17.000	       12.000	        3.000	       23.000	      -81.000	       71.880	        4.306	       79.300	      991.500	        0.000	     1639.900	        0.000
       17.000	       12.000	        4.000	        0.000	      -80.000	       71.730	        5.406	       82.500	      991.100	        0.200	     1675.200	        0.000
       17.000	       12.000	        4.000	        1.000	      -79.000	       71.592	        6.494	       82.500	      990.400	        0.200	     1634.400	        0.000
       17.000	       12.000	        4.000	        2.000	      -78.000	       71.460	        7.574	       82.500	      989.700	        0.200	     1598.600	        0.000
       17.000	       12.000	        4.000	        3.000	      -77.000	       71.330	        8.645	       82.500	      989.500	        0.200	     1581.700	        0.000
       17.000	       12.000	        4.000	        4.000	      -76.000	       71.211	        9.682	       82.500	      989.000	        0.200	     1572.800	        0.000
       17.000	       12.000	        4.000	        5.000	      -75.000	       71.105	       10.674	       82.500	      988.300	        0.200	     1580.400	        0.000
       17.000	       12.000	        4.000	        6.000	      -74.000	       71.007	       11.650	       82.500	      987.400	        0.200	     1620.000	        0.000
       17.000	       12.000	        4.000	        7.000	      -73.000	       70.917	       12.587	       82.700	      987.300	        0.200	     1653.300	        0.000
       17.000	       12.000	        4.000	        8.000	      -72.000	       70.834	       13.485	       82.700	      987.200	        0.200	     1664.300	        0.000
       17.000	       12.000	        4.000	        9.000	      -71.000	       70.754	       14.367	       82.700	      987.200	        0.200	     1688.800	        0.000
       17.000	       12.000	        4.000	       10.000	      -70.000	       70.699	       15.223	       82.700	      986.700	        0.200	     1645.600	        0.000
       17.000	       12.000	        4.000	       11.000	      -69.000	       70.684	       16.028	       82.700	      986.900	        0.200	     1651.500	        0.000
       17.000	       12.000	        4.000	       12.000	      -68.000	       70.700	       16.795	       81.100	      987.500	        0.300	     1666.400	        0.000
       17.000	       12.000	        4.000	       13.000	      -67.000	       70.739	       17.531	       80.300	      986.500	        0.300	     1605.500	        0.000
       17.000	       12.000	        4.000	       14.000	      -66.000	       70.799	       18.239	       82.300	      984.200	        0.300	     1452.600	        0.000
       17.000	       12.000	        4.000	       15.000	      -65.000	       70.871	       18.927	       84.500	      981.400	        0.300	     1281.400	        0.000
       17.000	       12.000	        4.000	       16.000	      -64.000	       70.966	       19.554	       84.400	      983.500	        0.300	     1398.700	        0.000
       17.000	       12.000	        4.000	       17.000	      -63.000	       71.088	       20.073	       82.900	      984.200	        0.300	     1396.400	        0.000
       17.000	       12.000	        4.000	       18.000	      -62.000	       71.221	       20.472	       87.200	      983.200	        0.000	     1365.600	        0.000
       17.000	       12.000	        4.000	       19.000	      -61.000	       71.366	       20.676	       98.400	      980.400	        0.000	     1235.400	        0.000
       17.000	       12.000	        4.000	       20.000	      -60.000	       71.526	       20.610	      110.600	      978.100	        0.000	     1147.800	        0.000
       17.000	       12.000	        4.000	       21.000	      -59.000	       71.674	       20.259	      119.700	      976.200	        0.000	     1106.900	        0.000
       17.000	       12.000	        4.000	       22.000	      -58.000	       71.769	       19.682	      125.400	      974.800	        0.000	     1171.400	        0.000
       17.000	       12.000	        4.000	       23.000	      -57.000	       71.790	       18.961	      127.600	      974.000	        0.000	     1202.400	        0.000
       17.000	       12.000	        5.000	        0.000	      -56.000	       71.733	       18.140	      137.400	      972.700	        0.000	     1186.200	        0.000
       17.000	       12.000	        5.000	        1.000	      -55.000	       71.560	       17.318	      169.300	      968.900	        0.200	     1150.200	        0.000
       17.000	       12.000	        5.000	        2.000	      -54.000	       71.220	       16.648	      216.800	      961.700	        0.000	     1262.100	        0.000
       17.000	       12.000	        5.000	        3.000	      -53.000	       70.730	       16.329	      280.300	      953.100	        1.100	     1480.000	        0.000
       17.000	       12.000	        5.000	        4.000	      -52.000	       70.260	       16.628	      358.100	      943.700	        0.300	     1427.700	        0.000
       17.000	       12.000	        5.000	        5.000	      -51.000	       69.927	       17.408	      434.200	      934.700	        0.300	     1359.800	        0.000
       17.000	       12.000	        5.000	        6.000	      -50.000	       69.762	       18.000	      521.700	      912.700	        0.500	      872.200	        0.000
       17.000	       12.000	        5.000	        7.000	      -49.000	       69.685	       18.416	      615.400	      892.500	        0.300	      521.700	        0.000
       17.000	       12.000	        5.000	        8.000	      -48.000	       69.648	       18.750	      697.500	      877.900	        0.000	      272.000	        0.000
       17.000	       12.000	        5.000	        9.000	      -47.000	       69.598	       19.042	      784.300	      857.900	        0.000	      102.600	        0.000
       17.000	       12.000	        5.000	       10.000	      -46.000	       69.538	       19.386	      881.500	      844.200	        0.000	      194.900	        0.000
       17.000	       12.000	        5.000	       11.000	      -45.000	       69.493	       19.751	      937.600	      835.500	        0.400	      233.500	        0.000
       17.000	       12.000	        5.000	       12.000	      -44.000	       69.452	       20.066	      959.400	      830.700	        1.100	      204.000	        0.000
       17.000	       12.000	        5.000	       13.000	      -43.000	       69.381	       20.316	      970.800	      824.500	        1.200	      141.900	        0.000
       17.000	       12.000	        5.000	       14.000	      -42.000	       69.252	       20.526	      979.100	      814.400	        0.000	       93.000	        0.000
       17.000	       12.000	        5.000	       15.000	      -41.000	       69.080	       20.654	      966.900	      805.300	        0.000	       44.300	        0.000
       17.000	       12.000	        5.000	       16.000	      -40.000	       68.873	       20.755	      955.000	      806.500	        0.000	       25.600	        0.000
       17.000	       12.000	        5.000	       17.000	      -39.000	       68.624	       20.885	      962.900	      813.300	        0.000	       25.400	        0.000
       17.000	       12.000	        5.000	       18.000	      -38.000	       68.335	       20.993	      989.300	      818.900	        0.000	       25.000	        0.000
       17.000	       12.000	        5.000	       19.000	      -37.000	       68.024	       21.059	     1022.100	      823.900	        0.000	       25.500	        0.000
       17.000	       12.000	        5.000	       20.000	      -36.000	       67.697	       21.117	     1045.100	      824.000	        0.000	       48.500	        0.000
       17.000	       12.000	        5.000	       21.000	      -35.000	       67.353	       21.155	     1038.800	      829.200	        0.000	       59.100	        0.000
       17.000	       12.000	        5.000	       22.000	      -34.000	       66.986	       21.167	      999.200	      839.700	        0.000	       70.000	        0.000
       17.000	       12.000	        5.000	       23.000	      -33.000	       66.611	       21.184	      962.600	      853.300	        0.000	       76.100	        0.000
       17.000	       12.000	        6.000	        0.000	      -32.000	       66.240	       21.214	      950.500	      863.500	        0.000	      100.500	        0.000
       17.000	       12.000	        6.000	        1.000	      -31.000	       65.872	       21.267	      959.600	      868.700	        0.000	      135.800	        0.000
       17.000	       12.000	        6.000	        2.000	      -30.000	       65.516	       21.347	      975.300	      869.900	        0.000	      217.700	        0.000
       17.000	       12.000	        6.000	        3.000	      -29.000	       65.161	       21.445	      979.700	      874.000	        0.000	      315.500	        0.000
       17.000	       12.000	        6.000	        4.000	      -28.000	       64.808	       21.554	      967.900	      878.800	        0.000	      386.600	        0.000
       17.000	       12.000	        6.000	        5.000	      -27.000	       64.464	       21.670	      943.200	      884.400	        0.000	      473.900	        0.000
       17.000	       12.000	        6.000	        6.000	      -26.000	       64.117	       21.804	      909.900	      891.400	        0.000	      587.500	        0.000
       17.000	       12.000	        6.000	        7.000	      -25.000	       63.776	       21.982	      881.100	      895.000	        0.000	      527.600	        0.000
       17.000	       12.000	        6.000	        8.000	      -24.000	       63.457	       22.202	      865.500	      895.600	        0.000	      349.900	        0.000
       17.000	       12.000	        6.000	        9.000	      -23.000	       63.152	       22.448	      856.800	      894.300	        0.000	      196.900	        0.000
       17.000	       12.000	        6.000	       10.000	      -22.000	       62.847	       22.722	      842.700	      892.900	        0.000	      178.400	        8.600
       17.000	       12.000	        6.000	       11.000	      -21.000	       62.539	       23.013	      812.700	      892.500	        0.000	      234.800	       18.400
       17.000	       12.000	        6.000	       12.000	      -20.000	       62.230	       23.290	      771.000	      894.400	        0.000	      184.900	       28.200
       17.000	       12.000	        6.000	       13.000	      -19.000	       61.922	       23.551	      730.800	      898.100	        0.000	      139.800	       20.700
       17.000	       12.000	        6.000	       14.000	      -18.000	       61.621	       23.808	      700.800	      901.400	        0.000	      134.300	       13.500
       17.000	       12.000	        6.000	       15.000	      -17.000	       61.333	       24.055	      672.500	      904.400	        0.000	      118.600	        6.300
       17.000	       12.000	        6.000	       16.000	      -16.000	       61.064	       24.292	      633.500	      910.000	        0.000	      124.200	        4.400
       17.000	       12.000	        6.000	       17.000	      -15.000	       60.815	       24.532	      585.900	      918.500	        0.000	      172.000	        1.900
       17.000	       12.000	        6.000	       18.000	      -14.000	       60.587	       24.769	      532.700	      928.300	        0.000	      244.300	        0.000
       17.000	       12.000	        6.000	       19.000	      -13.000	       60.380	       24.984	      467.900	      941.200	        0.000	      326.500	        0.000
       17.000	       12.000	        6.000	       20.000	      -12.000	       60.197	       25.172	      390.800	      954.800	        0.000	      384.300	        0.000
       17.000	       12.000	        6.000	       21.000	      -11.000	       60.042	       25.331	      311.300	      969.200	        0.000	      401.000	        0.000
       17.000	       12.000	        6.000	       22.000	      -10.000	       59.915	       25.450	      245.600	      976.800	        0.000	      352.300	        0.000
       17.000	       12.000	        6.000	       23.000	       -9.000	       59.817	       25.530	      204.900	      980.100	        0.000	      288.800	        0.000
       17.000	       12.000	        7.000	        0.000	       -8.000	       59.749	       25.575	      179.800	      982.200	        0.000	      236.100	        0.000
       17.000	       12.000	        7.000	        1.000	       -7.000	       59.708	       25.593	      160.600	      984.200	        0.000	      229.500	        0.000
       17.000	       12.000	        7.000	        2.000	       -6.000	       59.691	       25.589	      142.800	      986.500	        0.000	      227.200	        0.000
       17.000	       12.000	        7.000	        3.000	       -5.000	       59.696	       25.562	      125.100	      988.800	        0.000	      229.600	        0.000
       17.000	       12.000	        7.000	        4.000	       -4.000	       59.727	       25.505	      109.800	      990.800	        0.000	      286.700	        0.000
       17.000	       12.000	        7.000	        5.000	       -3.000	       59.792	       25.413	       99.600	      992.700	        0.000	      357.800	        0.000
       17.000	       12.000	        7.000	        6.000	       -2.000	       59.892	       25.282	       95.900	      993.600	        0.000	      447.400	        0.000
       17.000	       12.000	        7.000	        7.000	       -1.000	       60.029	       25.122	       96.200	      994.200	        0.000	      497.600	        3.300
       17.000	       12.000	        7.000	        8.000	        0.000	       60.196	       24.952	      100.000	      989.800	        0.000	      470.900	        6.600
       17.000	       12.000	        7.000	        9.000	        1.000	       60.387	       24.778	      113.100	      984.500	        0.000	      461.700	       10.000
       17.000	       12.000	        7.000	       10.000	        2.000	       60.605	       24.587	      134.000	      976.700	        0.000	      473.500	       13.300
       17.000	       12.000	        7.000	       11.000	        3.000	       60.864	       24.359	      150.400	      968.100	        0.000	      517.800	       16.700
       17.000	       12.000	        7.000	       12.000	        4.000	       61.166	       24.079	      151.700	      964.400	        0.000	      573.100	       20.000
       17.000	       12.000	        7.000	       13.000	        5.000	       61.492	       23.729	      155.300	      965.500	        0.500	      707.100	       11.900
       17.000	       12.000	        7.000	       14.000	        6.000	       61.838	       23.279	      170.000	      960.500	        0.500	      840.400	        4.700
       17.000	       12.000	        7.000	       15.000	        7.000	       62.209	       22.706	      183.400	      959.000	        0.500	      975.900	        0.000
       17.000	       12.000	        7.000	       16.000	        8.000	       62.606	       22.039	      184.300	      962.900	        0.300	      929.600	        0.000
       17.000	       12.000	        7.000	       17.000	        9.000	       63.060	       21.287	      172.700	      967.200	        0.500	      890.300	        0.000
       17.000	       12.000	        7.000	       18.000	       10.000	       63.577	       20.440	      253.600	      952.400	        1.000	      864.400	        0.000
       17.000	       12.000	        7.000	       19.000	       11.000	       64.053	       19.548	      488.400	      902.400	        1.500	      841.800	        0.000
       17.000	       12.000	        7.000	       20.000	       12.000	       64.527	       18.674	      721.600	      862.900	        1.100	      762.900	        0.000
       17.000	       12.000	        7.000	       21.000	       13.000	       65.023	       17.802	      911.200	      837.400	        1.000	      799.000	        0.000
       17.000	       12.000	        7.000	       22.000	       14.000	       65.532	       17.019	     1229.800	      786.400	        1.100	      725.300	        0.000
       17.000	       12.000	        7.000	       23.000	       15.000	       66.091	       16.355	     1596.100	      717.500	        0.700	      665.700	        0.000
       17.000	       12.000	        8.000	        0.000	       16.000	       66.788	       15.463	     1284.000	      746.100	        0.000	      678.700	        0.000
       17.000	       12.000	        8.000	        1.000	       17.000	       67.455	       14.053	      401.300	      910.900	        0.000	      936.400	        0.000
       17.000	       12.000	        8.000	        2.000	       18.000	       67.722	       12.704	      160.800	      953.900	        0.200	     1176.200	        0.000
       17.000	       12.000	        8.000	        3.000	       19.000	       67.912	       11.254	      182.400	      949.400	        1.100	     1252.600	        0.000
       17.000	       12.000	        8.000	        4.000	       20.000	       67.919	        9.839	      191.300	      948.100	        0.700	     1131.100	        0.000
       17.000	       12.000	        8.000	        5.000	       21.000	       67.751	        8.508	      204.800	      946.800	        0.700	     1174.600	        0.000
       17.000	       12.000	        8.000	        6.000	       22.000	       67.388	        7.349	      243.500	      941.400	        1.500	     1313.900	        0.000
       17.000	       12.000	        8.000	        7.000	       23.000	       66.769	        6.427	      272.800	      937.100	        0.300	     1330.200	        0.000
       17.000	       12.000	        8.000	        8.000	       24.000	       66.005	        5.865	      324.200	      930.200	        1.000	     1371.400	        0.000