
       17.000	        6.000	        7.000	        4.000	     -168.000	       69.582	      147.328	        8.200	     1003.400	        0.000	      745.300	      573.400
       17.000	        6.000	        7.000	        5.000	     -167.000	       69.725	      146.887	       19.000	     1003.200	        0.000	      769.200	      596.000
       17.000	        6.000	        7.000	        6.000	     -166.000	       69.903	      146.388	       29.700	     1002.400	        0.000	      745.400	      534.100
       17.000	        6.000	        7.000	        7.000	     -165.000	       70.091	      145.856	       35.500	     1000.900	        0.000	      687.900	      417.800
       17.000	        6.000	        7.000	        8.000	     -164.000	       70.287	      145.268	       46.500	      997.900	        0.000	      651.500	      340.000
       17.000	        6.000	        7.000	        9.000	     -163.000	       70.505	      144.585	       62.900	      993.200	        0.000	      591.000	      278.100
       17.000	        6.000	        7.000	       10.000	     -162.000	       70.767	      143.785	       70.400	      992.900	        0.000	      494.200	      204.100
       17.000	        6.000	        7.000	       11.000	     -161.000	       71.058	      142.915	       87.800	      991.300	        0.000	      468.400	      125.400
       17.000	        6.000	        7.000	       12.000	     -160.000	       71.391	      141.971	      132.000	      982.500	        0.000	      495.500	      113.400
       17.000	        6.000	        7.000	       13.000	     -159.000	       71.797	      140.914	      174.100	      975.300	        0.200	      535.000	       79.800
       17.000	        6.000	        7.000	       14.000	     -158.000	       72.250	      139.689	      204.300	      974.700	        0.000	      469.000	       62.000
       17.000	        6.000	        7.000	       15.000	     -157.000	       72.711	      138.347	      228.500	      972.200	        0.000	      372.500	       38.500
       17.000	        6.000	        7.000	       16.000	     -156.000	       73.194	      137.026	      272.700	      966.100	        0.000	      353.000	       38.500
       17.000	        6.000	        7.000	       17.000	     -155.000	       73.690	      135.873	      333.800	      956.600	        0.000	      360.900	       26.500
       17.000	        6.000	        7.000	       18.000	     -154.000	       74.224	      134.845	      419.800	      947.200	        0.500	      357.700	       25.800
       17.000	        6.000	        7.000	       19.000	     -153.000	       74.750	      133.901	      518.900	      935.800	        1.000	      370.800	       42.700
       17.000	        6.000	        7.000	       20.000	     -152.000	       75.229	      133.154	      650.400	      917.200	        1.800	      341.200	       48.600
       17.000	        6.000	        7.000	       21.000	     -151.000	       75.667	      132.605	      768.600	      905.800	        1.500	      296.700	       43.700
       17.000	        6.000	        7.000	       22.000	     -150.000	       76.068	      132.169	      864.200	      895.400	        1.000	      280.000	       41.100
       17.000	        6.000	        7.000	       23.000	     -149.000	       76.448	      131.754	      963.500	      882.500	        1.000	      302.700	       58.000
       17.000	        6.000	        8.000	        0.000	     -148.000	       76.813	      131.245	     1059.600	      871.300	        1.600	      363.000	       78.300
       17.000	        6.000	        8.000	        1.000	     -147.000	       77.150	      130.613	     1139.000	      862.300	        1.600	      339.600	      134.300
       17.000	        6.000	        8.000	        2.000	     -146.000	       77.455	      129.944	     1191.600	      858.100	        1.300	      288.100	      188.900
       17.000	        6.000	        8.000	        3.000	     -145.000	       77.745	      129.292	     1225.200	      854.000	        0.700	      266.100	      228.600
       17.000	        6.000	        8.000	        4.000	     -144.000	       78.015	      128.697	     1253.000	      850.900	        0.700	      217.800	      240.700
       17.000	        6.000	        8.000	        5.000	     -143.000	       78.258	      128.234	     1271.800	      848.100	        0.500	      203.900	      247.700
       17.000	        6.000	        8.000	        6.000	     -142.000	       78.486	      127.937	     1269.000	      851.100	        0.500	      215.500	      242.400
       17.000	        6.000	        8.000	        7.000	     -141.000	       78.717	      127.708	     1261.300	      851.700	        1.900	      247.500	      258.500
       17.000	        6.000	        8.000	        8.000	     -140.000	       78.958	      127.447	     1266.600	      851.300	        1.600	      221.000	      264.700
       17.000	        6.000	        8.000	        9.000	     -139.000	       79.209	      127.137	     1275.900	      850.900	        0.000	      213.300	      266.700
       17.000	        6.000	        8.000	       10.000	     -138.000	       79.466	      126.790	     1288.600	      849.600	        0.000	      289.800	      227.900
       17.000	        6.000	        8.000	       11.000	     -137.000	       79.729	      126.455	     1302.000	      848.200	        0.300	      308.700	      192.600
       17.000	        6.000	        8.000	       12.000	     -136.000	       79.996	      126.188	     1307.800	      848.700	        0.300	      242.700	      159.000
       17.000	        6.000	        8.000	       13.000	     -135.000	       80.269	      125.846	     1309.700	      848.800	        0.300	      289.800	      152.200
       17.000	        6.000	        8.000	       14.000	     -134.000	       80.540	      125.278	     1313.500	      848.800	        1.100	      336.400	      141.200
       17.000	        6.000	        8.000	       15.000	     -133.000	       80.804	      124.507	     1315.200	      849.000	        0.000	      320.100	      129.400
       17.000	        6.000	        8.000	       16.000	     -132.000	       81.068	      123.567	     1316.300	      849.400	        0.000	      296.800	      131.000
       17.000	        6.000	        8.000	       17.000	     -131.000	       81.334	      122.485	     1325.100	      848.800	        0.000	      338.800	      129.900
       17.000	        6.000	        8.000	       18.000	     -130.000	       81.601	      121.288	     1331.700	      848.600	        0.700	      353.600	      120.000
       17.000	        6.000	        8.000	       19.000	     -129.000	       81.869	      119.922	     1331.700	      849.000	        0.000	      336.400	      131.100
       17.000	        6.000	        8.000	       20.000	     -128.000	       82.127	      118.335	     1332.800	      849.300	        0.000	      311.000	      139.300
       17.000	        6.000	        8.000	       21.000	     -127.000	       82.369	      116.612	     1335.500	      849.400	        0.000	      322.000	      148.200
       17.000	        6.000	        8.000	       22.000	     -126.000	       82.592	      114.817	     1335.500	      849.900	        0.000	      379.200	      166.800
       17.000	        6.000	        8.000	       23.000	     -125.000	       82.795	      112.847	     1335.500	      850.400	        0.000	      364.000	      170.300
       17.000	        6.000	        9.000	        0.000	     -124.000	       82.974	      110.691	     1335.500	      850.800	        0.300	      274.300	      162.100
       17.000	        6.000	        9.000	        1.000	     -123.000	       83.134	      108.322	     1336.200	      851.000	        0.300	      279.300	      216.000
       17.000	        6.000	        9.000	        2.000	     -122.000	       83.273	      105.762	     1337.700	      851.100	        0.300	      291.000	      241.300
       17.000	        6.000	        9.000	        3.000	     -121.000	       83.388	      103.083	     1338.500	      851.200	        0.000	      313.900	      272.900
       17.000	        6.000	        9.000	        4.000	     -120.000	       83.481	      100.299	     1338.500	      851.700	        0.000	      360.500	      281.900
       17.000	        6.000	        9.000	        5.000	     -119.000	       83.555	       97.440	     1338.500	      852.200	        0.300	      383.500	      269.800
       17.000	        6.000	        9.000	        6.000	     -118.000	       83.620	       94.619	     1338.500	      852.700	        0.300	      361.500	      273.400
       17.000	        6.000	        9.000	        7.000	     -117.000	       83.669	       91.823	     1338.500	      853.100	        0.500	      333.000	      287.200
       17.000	        6.000	        9.000	        8.000	     -116.000	       83.680	       88.963	     1338.500	      853.500	        0.600	      335.200	      320.500
       17.000	        6.000	        9.000	        9.000	     -115.000	       83.654	       86.128	     1338.500	      853.900	        0.000	      349.800	      344.000
       17.000	        6.000	        9.000	       10.000	     -114.000	       83.600	       83.302	     1338.500	      854.500	        0.000	      362.500	      326.000
       17.000	        6.000	        9.000	       11.000	     -113.000	       83.517	       80.419	     1338.500	      855.100	        0.200	      401.200	      304.600
       17.000	        6.000	        9.000	       12.000	     -112.000	       83.405	       77.548	     1338.500	      855.600	        0.000	      408.000	      289.400
       17.000	        6.000	        9.000	       13.000	     -111.000	       83.255	       74.748	     1338.500	      855.800	        0.200	      364.400	      278.400
       17.000	        6.000	        9.000	       14.000	     -110.000	       83.076	       72.052	     1338.500	      855.900	        0.300	      364.600	      257.300
       17.000	        6.000	        9.000	       15.000	     -109.000	       82.864	       69.474	     1338.500	      856.100	        0.000	      342.900	      210.900
       17.000	        6.000	        9.000	       16.000	     -108.000	       82.632	       67.020	     1338.500	      856.300	        0.000	      363.900	      214.200
       17.000	        6.000	        9.000	       17.000	     -107.000	       82.384	       64.686	     1338.500	      856.500	        0.000	      393.800	      189.200
       17.000	        6.000	        9.000	       18.000	     -106.000	       82.105	       62.505	     1338.500	      856.700	        0.300	      484.900	      164.500
       17.000	        6.000	        9.000	       19.000	     -105.000	       81.791	       60.475	     1360.300	      852.900	        0.300	      494.500	      151.700
       17.000	        6.000	        9.000	       20.000	     -104.000	       81.447	       58.563	     1420.700	      845.200	        0.400	      525.100	      130.600
       17.000	        6.000	        9.000	       21.000	     -103.000	       81.068	       56.809	     1389.500	      836.800	        0.200	      632.500	      106.400
       17.000	        6.000	        9.000	       22.000	     -102.000	       80.685	       55.187	     1118.500	      875.400	        0.000	      502.400	      122.400
       17.000	        6.000	        9.000	       23.000	     -101.000	       80.311	       53.659	     1091.700	      884.400	        0.000	      495.100	      129.700
       17.000	        6.000	       10.000	        0.000	     -100.000	       79.916	       52.296	     1043.500	      889.300	        0.100	      504.400	      134.800
       17.000	        6.000	       10.000	        1.000	      -99.000	       79.525	       51.028	      894.800	      905.400	        0.200	      661.500	      127.800
       17.000	        6.000	       10.000	        2.000	      -98.000	       79.150	       49.813	      866.700	      909.900	        0.200	      658.500	      147.500
       17.000	        6.000	       10.000	        3.000	      -97.000	       78.770	       48.734	      869.600	      910.200	        0.000	      497.900	      165.500
       17.000	        6.000	       10.000	        4.000	      -96.000	       78.398	       47.740	      869.600	      910.700	        0.000	      409.500	      210.000
       17.000	        6.000	       10.000	        5.000	      -95.000	       78.040	       46.813	      869.600	      911.200	        0.000	      325.900	      240.100
       17.000	        6.000	       10.000	        6.000	      -94.000	       77.683	       45.996	      869.600	      911.600	        0.000	      271.100	      246.200
       17.000	        6.000	       10.000	        7.000	      -93.000	       77.334	       45.258	      869.600	      911.700	        0.100	      288.700	      320.100
       17.000	        6.000	       10.000	        8.000	      -92.000	       76.989	       44.581	      869.600	      911.900	        0.100	      292.400	      402.800
       17.000	        6.000	       10.000	        9.000	      -91.000	       76.637	       43.973	      869.600	      912.100	        0.000	      283.900	      412.600
       17.000	        6.000	       10.000	       10.000	      -90.000	       76.286	       43.405	      869.600	      912.200	        0.000	      307.100	      375.500
       17.000	        6.000	       10.000	       11.000	      -89.000	       75.944	       42.841	      869.600	      912.400	        0.000	      349.600	      375.600
       17.000	        6.000	       10.000	       12.000	      -88.000	       75.603	       42.282	      869.600	      912.400	        0.000	      377.800	      403.100
       17.000	        6.000	       10.000	       13.000	      -87.000	       75.262	       41.737	      869.600	      912.500	        0.000	      463.800	      419.200
       17.000	        6.000	       10.000	       14.000	      -86.000	       74.923	       41.200	      869.600	      912.600	        0.000	      568.700	      406.500
       17.000	        6.000	       10.000	       15.000	      -85.000	       74.588	       40.661	      869.600	      912.700	        0.000	      530.200	      319.000
       17.000	        6.000	       10.000	       16.000	      -84.000	       74.267	       40.134	      869.600	      912.900	        0.000	      466.600	      274.500
       17.000	        6.000	       10.000	       17.000	      -83.000	       73.966	       39.613	      869.600	      913.100	        0.000	      475.100	      272.800
       17.000	        6.000	       10.000	       18.000	      -82.000	       73.689	       39.076	      869.600	      913.300	        0.000	      571.500	      277.700
       17.000	        6.000	       10.000	       19.000	      -81.000	       73.425	       38.580	      869.600	      913.300	        0.000	      669.700	      224.100
       17.000	        6.000	       10.000	       20.000	      -80.000	       73.164	       38.170	      869.600	      913.200	        0.000	      726.600	      142.000
       17.000	        6.000	       10.000	       21.000	      -79.000	       72.908	       37.809	      869.600	      913.100	        0.000	      750.800	       40.100
       17.000	        6.000	       10.000	       22.000	      -78.000	       72.648	       37.491	      869.600	      913.000	        0.000	      757.300	       42.700
       17.000	        6.000	       10.000	       23.000	      -77.000	       72.374	       37.218	      869.600	      912.800	        0.000	      765.300	       43.300
       17.000	        6.000	       11.000	        0.000	      -76.000	       72.093	       36.971	      869.600	      912.700	        0.000	      766.200	       40.900
       17.000	        6.000	       11.000	        1.000	      -75.000	       71.816	       36.747	      869.600	      912.600	        0.000	      777.900	       58.300
       17.000	        6.000	       11.000	        2.000	      -74.000	       71.554	       36.552	      869.600	      912.500	        0.000	      801.000	       68.900
       17.000	        6.000	       11.000	        3.000	      -73.000	       71.306	       36.388	      869.600	      912.400	        0.000	      830.600	       75.400
       17.000	        6.000	       11.000	        4.000	      -72.000	       71.070	       36.259	      869.600	      912.100	        0.000	      856.600	       92.100
       17.000	        6.000	       11.000	        5.000	      -71.000	       70.839	       36.177	      869.600	      911.800	        0.000	      859.500	      110.400
       17.000	        6.000	       11.000	        6.000	      -70.000	       70.614	       36.135	      869.600	      911.600	        0.000	      854.300	      127.200
       17.000	        6.000	       11.000	        7.000	      -69.000	       70.396	       36.118	      869.600	      911.500	        0.000	      835.200	      192.500
       17.000	        6.000	       11.000	        8.000	      -68.000	       70.187	       36.112	      869.600	      911.500	        0.000	      820.400	      256.400
       17.000	        6.000	       11.000	        9.000	      -67.000	       69.988	       36.117	      869.600	      911.400	        0.000	      810.500	      319.900
       17.000	        6.000	       11.000	       10.000	      -66.000	       69.798	       36.155	      870.200	      908.800	        0.000	      795.000	      325.400
       17.000	        6.000	       11.000	       11.000	      -65.000	       69.615	       36.244	      872.500	      906.300	        0.000	      790.600	      335.300
       17.000	        6.000	       11.000	       12.000	      -64.000	       69.440	       36.389	      873.900	      905.200	        0.000	      792.800	      344.900
       17.000	        6.000	       11.000	       13.000	      -63.000	       69.264	       36.554	      874.000	      905.100	        0.000	      815.100	      327.800
       17.000	        6.000	       11.000	       14.000	      -62.000	       69.082	       36.702	      874.200	      905.900	        0.000	      842.500	      335.000
       17.000	        6.000	       11.000	       15.000	      -61.000	       68.891	       36.827	      877.100	      904.000	        0.000	      856.600	      350.000
       17.000	        6.000	       11.000	       16.000	      -60.000	       68.701	       36.919	      888.100	      898.200	        0.000	      745.800	      297.600
       17.000	        6.000	       11.000	       17.000	      -59.000	       68.523	       36.971	      909.200	      891.200	        0.000	      588.500	      248.700
       17.000	        6.000	       11.000	       18.000	      -58.000	       68.358	       36.981	      941.300	      881.800	        0.000	      392.300	      206.200
       17.000	        6.000	       11.000	       19.000	      -57.000	       68.197	       36.977	      978.500	      872.400	        0.000	      262.200	      141.300
       17.000	        6.000	       11.000	       20.000	      -56.000	       68.035	       36.987	     1009.300	      863.700	        0.000	      117.300	       83.300
       17.000	        6.000	       11.000	       21.000	      -55.000	       67.876	       37.010	     1022.700	      864.600	        0.000	       42.800	       29.000
       17.000	        6.000	       11.000	       22.000	      -54.000	       67.724	       37.055	     1032.900	      863.600	        0.000	       36.500	       24.200
       17.000	        6.000	       11.000	       23.000	      -53.000	       67.577	       37.131	     1058.500	      860.900	        0.000	       30.500	       21.000
       17.000	        6.000	       12.000	        0.000	      -52.000	       67.434	       37.242	     1091.500	      856.600	        0.000	       25.000	       19.500
       17.000	        6.000	       12.000	        1.000	      -51.000	       67.291	       37.384	     1116.300	      855.400	        0.000	       85.500	       60.400
       17.000	        6.000	       12.000	        2.000	      -50.000	       67.145	       37.540	     1124.700	      855.900	        0.000	      145.000	      102.800
       17.000	        6.000	       12.000	        3.000	      -49.000	       66.999	       37.702	     1126.400	      856.700	        0.000	      196.200	      149.600
       17.000	        6.000	       12.000	        4.000	      -48.000	       66.859	       37.847	     1127.500	      858.800	        0.000	      317.600	      192.100
       17.000	        6.000	       12.000	        5.000	      -47.000	       66.730	       37.961	     1128.600	      860.700	        0.000	      389.300	      237.300
       17.000	        6.000	       12.000	        6.000	      -46.000	       66.618	       38.048	     1129.400	      862.300	        0.000	      424.600	      280.800
       17.000	        6.000	       12.000	        7.000	      -45.000	       66.516	       38.122	     1130.200	      864.000	        0.000	      383.700	      347.000
       17.000	        6.000	       12.000	        8.000	      -44.000	       66.422	       38.186	     1131.000	      865.700	        0.000	      345.900	      432.800
       17.000	        6.000	       12.000	        9.000	      -43.000	       66.335	       38.238	     1131.700	      865.500	        0.000	      309.200	      535.000
       17.000	        6.000	       12.000	       10.000	      -42.000	       66.245	       38.288	     1115.000	      868.200	        0.000	      257.100	      563.500
       17.000	        6.000	       12.000	       11.000	      -41.000	       66.140	       38.342	     1059.500	      875.200	        0.000	      185.600	      600.100
       17.000	        6.000	       12.000	       12.000	      -40.000	       66.004	       38.387	      955.800	      892.800	        0.000	       78.600	      652.800
       17.000	        6.000	       12.000	       13.000	      -39.000	       65.857	       38.409	      825.500	      908.000	        0.000	      101.900	      614.900
       17.000	        6.000	       12.000	       14.000	      -38.000	       65.741	       38.409	      708.500	      920.800	        0.000	      121.100	      571.300
       17.000	        6.000	       12.000	       15.000	      -37.000	       65.647	       38.376	      606.700	      933.500	        0.000	      137.300	      522.800
       17.000	        6.000	       12.000	       16.000	      -36.000	       65.566	       38.291	      533.500	      940.200	        0.000	      173.100	      473.500
       17.000	        6.000	       12.000	       17.000	      -35.000	       65.490	       38.141	      488.300	      944.400	        0.000	      208.600	      424.600
       17.000	        6.000	       12.000	       18.000	      -34.000	       65.414	       37.922	      459.500	      943.500	        0.000	      244.600	      376.000
       17.000	        6.000	       12.000	       19.000	      -33.000	       65.338	       37.623	      414.300	      944.400	        0.000	      278.800	      259.000
       17.000	        6.000	       12.000	       20.000	      -32.000	       65.269	       37.225	      312.300	      956.800	        0.000	      271.700	      142.400
       17.000	        6.000	       12.000	       21.000	      -31.000	       65.207	       36.725	      169.800	      980.500	        0.000	      234.500	       25.700
       17.000	        6.000	       12.000	       22.000	      -30.000	       65.146	       36.216	       87.100	      989.700	        0.000	      232.800	       21.600
       17.000	        6.000	       12.000	       23.000	      -29.000	       65.080	       35.692	       72.100	      990.500	        0.000	      223.400	       18.900
       17.000	        6.000	       13.000	        0.000	      -28.000	       65.012	       35.141	       72.100	      991.300	        0.000	      215.700	       16.000
       17.000	        6.000	       13.000	        1.000	      -27.000	       64.942	       34.614	       86.500	      989.500	        0.000	      256.800	       46.100
       17.000	        6.000	       13.000	        2.000	      -26.000	       64.864	       34.097	      135.500	      974.100	        0.000	      419.100	       73.500
       17.000	        6.000	       13.000	        3.000	      -25.000	       64.776	       33.489	      197.800	      962.500	        0.000	      510.600	       93.500
       17.000	        6.000	       13.000	        4.000	      -24.000	       64.677	       32.848	      235.300	      955.300	        0.000	      664.400	      123.300
       17.000	        6.000	       13.000	        5.000	      -23.000	       64.565	       32.192	      270.700	      945.600	        0.000	      802.400	      142.000
       17.000	        6.000	       13.000	        6.000	      -22.000	       64.431	       31.515	      283.400	      941.100	        0.300	      854.500	      144.100
       17.000	        6.000	       13.000	        7.000	      -21.000	       64.274	       30.839	      234.100	      951.100	        0.600	      778.200	      248.100
       17.000	        6.000	       13.000	        8.000	      -20.000	       64.108	       30.207	      189.000	      950.900	        0.800	     1014.100	      392.100
       17.000	        6.000	       13.000	        9.000	      -19.000	       63.932	       29.604	      180.000	      950.800	        0.000	     1216.600	      559.000
       17.000	        6.000	       13.000	       10.000	      -18.000	       63.744	       29.063	      165.500	      955.500	        0.000	     1373.300	      520.000
       17.000	        6.000	       13.000	       11.000	      -17.000	       63.553	       28.599	      135.400	      962.100	        0.000	     1494.500	      450.500
       17.000	        6.000	       13.000	       12.000	      -16.000	       63.373	       28.175	      115.500	      966.800	        0.600	     1643.800	      390.800
       17.000	        6.000	       13.000	       13.000	      -15.000	       63.193	       27.750	      111.200	      970.100	        0.500	     1725.500	      398.300
       17.000	        6.000	       13.000	       14.000	      -14.000	       62.997	       27.326	      111.300	      971.400	        0.100	     1942.000	      481.800
       17.000	        6.000	       13.000	       15.000	      -13.000	       62.782	       26.927	      110.900	      970.500	        0.000	     1953.600	      498.900
       17.000	        6.000	       13.000	       16.000	      -12.000	       62.565	       26.553	      108.100	      970.700	        0.000	     1475.400	      364.500
       17.000	        6.000	       13.000	       17.000	      -11.000	       62.360	       26.210	      102.700	      971.000	        0.100	     1159.400	      261.000
       17.000	        6.000	       13.000	       18.000	      -10.000	       62.161	       25.916	       99.900	      970.100	        0.000	      928.900	      190.400
       17.000	        6.000	       13.000	       19.000	       -9.000	       61.962	       25.665	      100.100	      970.500	        0.000	      616.100	      108.300
       17.000	        6.000	       13.000	       20.000	       -8.000	       61.762	       25.436	      100.100	      971.500	        0.000	      427.300	       64.100
       17.000	        6.000	       13.000	       21.000	       -7.000	       61.559	       25.228	      100.100	      972.100	        0.000	      261.900	       21.400
       17.000	        6.000	       13.000	       22.000	       -6.000	       61.358	       25.076	      100.100	      972.300	        0.000	      213.800	       14.700
       17.000	        6.000	       13.000	       23.000	       -5.000	       61.167	       24.999	      100.100	      972.500	        0.000	      163.700	       10.200
       17.000	        6.000	       14.000	        0.000	       -4.000	       60.986	       24.973	      100.100	      973.300	        0.000	      102.600	        8.000
       17.000	        6.000	       14.000	        1.000	       -3.000	       60.804	       24.969	      100.100	      976.700	        0.000	      168.800	       17.900
       17.000	        6.000	       14.000	        2.000	       -2.000	       60.613	       24.966	       99.900	      980.400	        0.000	      217.300	       26.900
       17.000	        6.000	       14.000	        3.000	       -1.000	       60.407	       24.961	       99.900	      984.400	        0.000	      246.700	       34.900
       17.000	        6.000	       14.000	        4.000	        0.000	       60.196	       24.952	      100.000	      988.300	        0.000	      258.200	       80.600
       17.000	        6.000	       14.000	        5.000	        1.000	       60.001	       24.942	      100.100	      992.100	        0.000	      140.200	      128.000
       17.000	        6.000	       14.000	        6.000	        2.000	       59.825	       24.928	      100.100	      990.900	        0.000	      348.500	      175.900
       17.000	        6.000	       14.000	        7.000	        3.000	       59.662	       24.918	      102.500	      989.600	        0.000	      663.700	      344.500
       17.000	        6.000	       14.000	        8.000	        4.000	       59.506	       24.915	      109.400	      987.500	        0.000	     1007.900	      513.800
       17.000	        6.000	       14.000	        9.000	        5.000	       59.343	       24.917	      118.900	      985.200	        0.000	     1401.100	      684.200
       17.000	        6.000	       14.000	       10.000	        6.000	       59.158	       24.926	      126.600	      982.700	        0.000	     1759.100	      706.400
       17.000	        6.000	       14.000	       11.000	        7.000	       58.938	       24.949	      130.200	      981.400	        0.000	     2071.600	      728.600
       17.000	        6.000	       14.000	       12.000	        8.000	       58.709	       25.006	      139.900	      981.600	        0.000	     2157.600	      740.500
       17.000	        6.000	       14.000	       13.000	        9.000	       58.489	       25.105	      162.600	      978.900	        0.000	     1973.500	      651.200
       17.000	        6.000	       14.000	       14.000	       10.000	       58.272	       25.240	      196.200	      974.700	        0.000	     1678.600	      543.700
       17.000	        6.000	       14.000	       15.000	       11.000	       58.050	       25.400	      237.900	      969.800	        0.000	     1406.200	      442.900
       17.000	        6.000	       14.000	       16.000	       12.000	       57.809	       25.564	      276.300	      962.800	        0.000	     1188.400	      468.300
       17.000	        6.000	       14.000	       17.000	       13.000	       57.552	       25.721	      302.500	      956.700	        0.000	      762.900	      470.000
       17.000	        6.000	       14.000	       18.000	       14.000	       57.288	       25.879	      320.500	      951.000	        0.000	      147.500	      432.100
       17.000	        6.000	       14.000	       19.000	       15.000	       57.017	       26.041	      335.000	      945.500	        0.000	      123.500	      291.400
       17.000	        6.000	       14.000	       20.000	       16.000	       56.738	       26.196	      350.900	      947.500	        0.000	      141.900	      151.400
       17.000	        6.000	       14.000	       21.000	       17.000	       56.447	       26.340	      377.300	      948.000	        0.000	      144.800	        8.000
       17.000	        6.000	       14.000	       22.000	       18.000	       56.147	       26.472	      415.100	      944.500	        0.000	      138.700	        6.900
       17.000	        6.000	       14.000	       23.000	       19.000	       55.852	       26.589	      451.800	      939.400	        0.000	      120.500	        4.100
       17.000	        6.000	       15.000	        0.000	       20.000	       55.563	       26.681	      479.400	      935.300	        0.000	      114.100	        1.400
       17.000	        6.000	       15.000	        1.000	       21.000	       55.272	       26.765	      498.800	      932.800	        0.000	      149.000	        6.400
       17.000	        6.000	       15.000	        2.000	       22.000	       54.978	       26.863	      511.500	      930.200	        0.000	      170.700	       10.700
       17.000	        6.000	       15.000	        3.000	       23.000	       54.687	       26.984	      515.500	      926.500	        0.000	      185.700	       16.000
       17.000	        6.000	       15.000	        4.000	       24.000	       54.406	       27.134	      515.000	      924.900	        0.000	      362.700	       65.700