
       17.000	       11.000	       30.000	       11.000	     -168.000	       82.313	       16.413	      831.000	      908.300	        0.000	      698.200	        0.000
       17.000	       11.000	       30.000	       12.000	     -167.000	       82.422	       14.223	      824.100	      908.700	        0.000	      554.100	        0.000
       17.000	       11.000	       30.000	       13.000	     -166.000	       82.517	       11.901	      790.300	      912.400	        0.000	      376.900	        0.000
       17.000	       11.000	       30.000	       14.000	     -165.000	       82.593	        9.418	      744.400	      917.700	        0.000	      335.200	        0.000
       17.000	       11.000	       30.000	       15.000	     -164.000	       82.645	        6.807	      704.200	      922.600	        0.000	      336.300	        0.000
       17.000	       11.000	       30.000	       16.000	     -163.000	       82.665	        4.161	      674.000	      926.200	        0.000	      318.800	        0.000
       17.000	       11.000	       30.000	       17.000	     -162.000	       82.652	        1.545	      647.000	      929.600	        0.000	      322.100	        0.000
       17.000	       11.000	       30.000	       18.000	     -161.000	       82.607	       -0.974	      627.000	      931.900	        0.000	      292.800	       -0.100
       17.000	       11.000	       30.000	       19.000	     -160.000	       82.529	       -3.314	      609.100	      934.000	        0.000	      283.300	        0.000
       17.000	       11.000	       30.000	       20.000	     -159.000	       82.431	       -5.480	      591.000	      936.000	        0.000	      260.700	        0.000
       17.000	       11.000	       30.000	       21.000	     -158.000	       82.310	       -7.468	      571.500	      938.600	        0.000	      196.200	        0.000
       17.000	       11.000	       30.000	       22.000	     -157.000	       82.172	       -9.268	      565.300	      939.100	        0.000	      117.100	        0.000
       17.000	       11.000	       30.000	       23.000	     -156.000	       82.023	      -10.804	      580.400	      937.100	        0.000	      116.400	        0.000
       17.000	       12.000	        1.000	        0.000	     -155.000	       81.859	      -12.084	      603.700	      933.900	        0.000	      128.700	        0.000
       17.000	       12.000	        1.000	        1.000	     -154.000	       81.675	      -13.187	      614.600	      932.400	        0.000	      161.100	        0.000
       17.000	       12.000	        1.000	        2.000	     -153.000	       81.464	      -14.098	      612.600	      931.800	        0.000	      187.900	        0.000
       17.000	       12.000	        1.000	        3.000	     -152.000	       81.224	      -14.823	      601.400	      932.300	        0.000	      174.800	        0.000
       17.000	       12.000	        1.000	        4.000	     -151.000	       80.952	      -15.363	      574.500	      936.300	        0.000	      172.300	        0.000
       17.000	       12.000	        1.000	        5.000	     -150.000	       80.650	      -15.767	      542.400	      940.800	        0.000	      207.500	        0.000
       17.000	       12.000	        1.000	        6.000	     -149.000	       80.332	      -16.182	      533.800	      939.800	        0.000	      218.400	        0.000
       17.000	       12.000	        1.000	        7.000	     -148.000	       80.018	      -16.680	      547.800	      939.200	        0.000	      124.400	        0.000
       17.000	       12.000	        1.000	        8.000	     -147.000	       79.730	      -17.196	      572.000	      932.900	        0.000	       68.900	        0.000
       17.000	       12.000	        1.000	        9.000	     -146.000	       79.477	      -17.679	      601.200	      921.300	        0.000	       54.400	        0.000
       17.000	       12.000	        1.000	       10.000	     -145.000	       79.255	      -18.140	      600.200	      923.300	        0.000	       35.100	        0.000
       17.000	       12.000	        1.000	       11.000	     -144.000	       79.057	      -18.561	      559.800	      934.500	        0.000	       34.200	        0.000
       17.000	       12.000	        1.000	       12.000	     -143.000	       78.886	      -18.947	      529.800	      940.700	        0.000	       28.600	        0.000
       17.000	       12.000	        1.000	       13.000	     -142.000	       78.753	      -19.269	      519.200	      940.900	        0.000	       30.100	        0.000
       17.000	       12.000	        1.000	       14.000	     -141.000	       78.661	      -19.507	      522.400	      939.300	        0.000	       31.500	        0.000
       17.000	       12.000	        1.000	       15.000	     -140.000	       78.611	      -19.684	      539.900	      936.100	        0.000	       33.000	        0.000
       17.000	       12.000	        1.000	       16.000	     -139.000	       78.601	      -19.817	      569.000	      931.300	        0.000	       30.300	        0.000
       17.000	       12.000	        1.000	       17.000	     -138.000	       78.633	      -19.911	      607.100	      925.500	        0.000	       27.700	        0.000
       17.000	       12.000	        1.000	       18.000	     -137.000	       78.704	      -19.950	      651.800	      918.500	        0.000	       25.000	        0.000
       17.000	       12.000	        1.000	       19.000	     -136.000	       78.803	      -19.926	      698.400	      911.800	        0.000	       25.000	        0.000
       17.000	       12.000	        1.000	       20.000	     -135.000	       78.914	      -19.842	      743.200	      905.900	        0.000	       25.000	        0.000
       17.000	       12.000	        1.000	       21.000	     -134.000	       79.029	      -19.703	      784.300	      900.100	        0.000	       25.000	        0.000
       17.000	       12.000	        1.000	       22.000	     -133.000	       79.138	      -19.561	      812.700	      894.800	        0.000	       25.000	        0.000
       17.000	       12.000	        1.000	       23.000	     -132.000	       79.234	      -19.461	      810.800	      893.900	        0.000	       25.000	        0.000
       17.000	       12.000	        2.000	        0.000	     -131.000	       79.315	      -19.401	      768.800	      897.000	        0.000	       25.000	        0.000
       17.000	       12.000	        2.000	        1.000	     -130.000	       79.376	      -19.359	      691.500	      905.500	        0.000	       25.000	        0.000
       17.000	       12.000	        2.000	        2.000	     -129.000	       79.409	      -19.311	      576.900	      919.900	        0.000	       25.000	        0.000
       17.000	       12.000	        2.000	        3.000	     -128.000	       79.411	      -19.247	      432.200	      939.700	        0.000	       25.000	        0.000
       17.000	       12.000	        2.000	        4.000	     -127.000	       79.368	      -19.149	      274.100	      962.400	        0.000	       25.000	        0.000
       17.000	       12.000	        2.000	        5.000	     -126.000	       79.283	      -19.018	      122.200	      989.100	        0.000	       25.000	        0.000
       17.000	       12.000	        2.000	        6.000	     -125.000	       79.195	      -18.896	       28.500	     1000.000	        0.000	       26.200	        0.000
       17.000	       12.000	        2.000	        7.000	     -124.000	       79.115	      -18.776	        9.800	     1002.700	        0.000	       26.800	        0.000
       17.000	       12.000	        2.000	        8.000	     -123.000	       79.031	      -18.651	        4.700	     1003.400	        0.000	       26.600	        0.000
       17.000	       12.000	        2.000	        9.000	     -122.000	       78.942	      -18.518	        2.300	     1003.000	        0.000	       29.900	        0.000
       17.000	       12.000	        2.000	       10.000	     -121.000	       78.850	      -18.370	        0.700	     1003.100	        0.000	       37.200	        0.000
       17.000	       12.000	        2.000	       11.000	     -120.000	       78.759	      -18.207	        0.000	     1003.000	        0.000	       42.800	        0.000
       17.000	       12.000	        2.000	       12.000	     -119.000	       78.668	      -18.025	        0.000	     1002.800	        0.000	       44.900	        0.000
       17.000	       12.000	        2.000	       13.000	     -118.000	       78.571	      -17.819	        0.000	     1004.200	        0.000	       72.000	        0.000
       17.000	       12.000	        2.000	       14.000	     -117.000	       78.465	      -17.586	        1.200	     1005.900	        0.000	      102.000	        0.000
       17.000	       12.000	        2.000	       15.000	     -116.000	       78.346	      -17.336	        4.900	     1007.700	        0.000	      134.600	        0.000
       17.000	       12.000	        2.000	       16.000	     -115.000	       78.224	      -17.066	        8.900	     1008.700	        0.000	      140.900	        0.000
       17.000	       12.000	        2.000	       17.000	     -114.000	       78.105	      -16.771	       13.200	     1008.200	        0.000	      118.600	        0.000
       17.000	       12.000	        2.000	       18.000	     -113.000	       77.984	      -16.451	       17.300	     1007.500	        0.000	       83.400	        0.000
       17.000	       12.000	        2.000	       19.000	     -112.000	       77.860	      -16.119	       19.500	     1007.400	        0.000	       77.500	        0.000
       17.000	       12.000	        2.000	       20.000	     -111.000	       77.731	      -15.785	       20.100	     1007.500	        0.000	       70.200	        0.000
       17.000	       12.000	        2.000	       21.000	     -110.000	       77.600	      -15.451	       21.100	     1007.200	        0.000	       58.700	        0.000
       17.000	       12.000	        2.000	       22.000	     -109.000	       77.470	      -15.105	       22.700	     1007.200	        0.000	       55.200	        0.000
       17.000	       12.000	        2.000	       23.000	     -108.000	       77.344	      -14.735	       22.600	     1007.500	        0.000	       61.500	        0.000
       17.000	       12.000	        3.000	        0.000	     -107.000	       77.225	      -14.344	       19.000	     1008.300	        0.000	       69.300	        0.000
       17.000	       12.000	        3.000	        1.000	     -106.000	       77.112	      -13.925	       14.500	     1008.100	        0.000	       98.700	        0.000
       17.000	       12.000	        3.000	        2.000	     -105.000	       77.003	      -13.460	       12.100	     1008.400	        0.000	      126.200	        0.000
       17.000	       12.000	        3.000	        3.000	     -104.000	       76.892	      -12.943	       11.400	     1008.400	        0.000	      141.300	        0.000
       17.000	       12.000	        3.000	        4.000	     -103.000	       76.777	      -12.382	       11.400	     1008.200	        0.000	      158.500	        0.000
       17.000	       12.000	        3.000	        5.000	     -102.000	       76.662	      -11.792	       11.300	     1007.800	        0.000	      175.200	        0.000
       17.000	       12.000	        3.000	        6.000	     -101.000	       76.551	      -11.183	       10.500	     1007.900	        0.000	      188.200	        0.000
       17.000	       12.000	        3.000	        7.000	     -100.000	       76.437	      -10.528	        9.300	     1008.000	        0.000	      253.600	        0.000
       17.000	       12.000	        3.000	        8.000	      -99.000	       76.309	       -9.782	        9.000	     1007.800	        0.000	      334.500	        0.000
       17.000	       12.000	        3.000	        9.000	      -98.000	       76.170	       -8.939	        8.800	     1007.300	        0.000	      404.400	        0.000
       17.000	       12.000	        3.000	       10.000	      -97.000	       76.017	       -7.992	        7.900	     1006.500	        0.000	      497.500	        0.000
       17.000	       12.000	        3.000	       11.000	      -96.000	       75.837	       -6.899	        6.700	     1004.300	        0.000	      638.500	        0.000
       17.000	       12.000	        3.000	       12.000	      -95.000	       75.629	       -5.650	        6.500	     1003.700	        0.000	      815.500	        0.000
       17.000	       12.000	        3.000	       13.000	      -94.000	       75.397	       -4.328	        6.500	     1002.100	        0.000	      956.700	        0.000
       17.000	       12.000	        3.000	       14.000	      -93.000	       75.154	       -3.006	        6.500	     1001.200	        0.000	     1034.500	        0.000
       17.000	       12.000	        3.000	       15.000	      -92.000	       74.925	       -1.690	        6.600	     1000.100	        0.100	     1095.900	        0.000
       17.000	       12.000	        3.000	       16.000	      -91.000	       74.709	       -0.353	        7.600	      999.300	        0.200	     1157.500	        1.700
       17.000	       12.000	        3.000	       17.000	      -90.000	       74.497	        0.997	        7.800	      998.200	        0.200	     1235.500	        0.000
       17.000	       12.000	        3.000	       18.000	      -89.000	       74.313	        2.366	        8.000	      998.900	        0.000	     1283.200	        0.000
       17.000	       12.000	        3.000	       19.000	      -88.000	       74.153	        3.743	        8.000	      996.600	        0.000	     1344.200	        0.000
       17.000	       12.000	        3.000	       20.000	      -87.000	       74.009	        5.112	        8.000	      996.200	        0.000	     1403.400	        0.000
       17.000	       12.000	        3.000	       21.000	      -86.000	       73.885	        6.504	        8.000	      996.400	        0.000	     1444.700	        0.000
       17.000	       12.000	        3.000	       22.000	      -85.000	       73.782	        7.854	        8.000	      995.400	        0.000	     1442.900	        0.000
       17.000	       12.000	        3.000	       23.000	      -84.000	       73.704	        9.110	        8.000	      994.500	        0.000	     1420.800	        0.000
       17.000	       12.000	        4.000	        0.000	      -83.000	       73.657	       10.283	        8.000	      993.900	        0.200	     1429.000	        0.000
       17.000	       12.000	        4.000	        1.000	      -82.000	       73.629	       11.401	        8.000	      994.000	        0.200	     1437.900	        0.000
       17.000	       12.000	        4.000	        2.000	      -81.000	       73.617	       12.478	        8.000	      994.100	        0.200	     1442.300	        0.000
       17.000	       12.000	        4.000	        3.000	      -80.000	       73.623	       13.533	        8.000	      994.100	        0.200	     1438.300	        0.000
       17.000	       12.000	        4.000	        4.000	      -79.000	       73.634	       14.518	        8.000	      993.700	        0.200	     1392.800	        0.000
       17.000	       12.000	        4.000	        5.000	      -78.000	       73.644	       15.395	        8.000	      993.200	        0.200	     1377.700	        0.000
       17.000	       12.000	        4.000	        6.000	      -77.000	       73.655	       16.180	        8.000	      992.800	        0.200	     1381.000	        0.000
       17.000	       12.000	        4.000	        7.000	      -76.000	       73.666	       16.870	        8.000	      992.900	        0.200	     1352.100	        0.000
       17.000	       12.000	        4.000	        8.000	      -75.000	       73.676	       17.461	        8.000	      993.000	        0.200	     1307.000	        0.000
       17.000	       12.000	        4.000	        9.000	      -74.000	       73.688	       17.955	        8.000	      993.100	        0.200	     1242.900	        0.000
       17.000	       12.000	        4.000	       10.000	      -73.000	       73.706	       18.356	        8.000	      993.100	        0.200	     1195.300	        0.000
       17.000	       12.000	        4.000	       11.000	      -72.000	       73.732	       18.673	        8.000	      993.200	        0.200	     1143.700	        0.000
       17.000	       12.000	        4.000	       12.000	      -71.000	       73.770	       18.908	        8.000	      993.200	        0.000	     1087.400	        0.000
       17.000	       12.000	        4.000	       13.000	      -70.000	       73.807	       19.082	        7.800	      993.300	        0.000	     1065.000	        0.000
       17.000	       12.000	        4.000	       14.000	      -69.000	       73.832	       19.216	        7.400	      993.500	        0.000	     1049.400	        0.000
       17.000	       12.000	        4.000	       15.000	      -68.000	       73.847	       19.311	        6.600	      993.600	        0.000	     1037.300	        0.000
       17.000	       12.000	        4.000	       16.000	      -67.000	       73.849	       19.354	        5.700	      993.700	        0.000	      837.500	        0.000
       17.000	       12.000	        4.000	       17.000	      -66.000	       73.836	       19.326	        4.800	      993.800	        0.000	      642.300	        0.000
       17.000	       12.000	        4.000	       18.000	      -65.000	       73.809	       19.219	        4.000	      993.900	        0.000	      463.600	        0.000
       17.000	       12.000	        4.000	       19.000	      -64.000	       73.767	       19.045	        3.100	      994.000	        0.000	      616.000	        0.000
       17.000	       12.000	        4.000	       20.000	      -63.000	       73.709	       18.816	        2.300	      994.100	        0.000	      788.900	        0.000
       17.000	       12.000	        4.000	       21.000	      -62.000	       73.633	       18.518	        1.600	      994.100	        0.000	      973.900	        0.000
       17.000	       12.000	        4.000	       22.000	      -61.000	       73.539	       18.187	        1.000	      993.800	        0.000	     1034.200	        0.000
       17.000	       12.000	        4.000	       23.000	      -60.000	       73.423	       17.856	        0.600	      993.100	        0.000	     1098.800	        0.000
       17.000	       12.000	        5.000	        0.000	      -59.000	       73.280	       17.483	        0.200	      992.100	        0.000	     1186.300	        0.000
       17.000	       12.000	        5.000	        1.000	      -58.000	       73.111	       17.046	        0.000	      991.400	        0.000	     1262.500	        0.000
       17.000	       12.000	        5.000	        2.000	      -57.000	       72.923	       16.595	        0.000	      991.200	        0.000	     1334.300	        0.000
       17.000	       12.000	        5.000	        3.000	      -56.000	       72.710	       16.176	        0.000	      991.300	        0.000	     1389.700	        0.000
       17.000	       12.000	        5.000	        4.000	      -55.000	       72.461	       15.761	        0.000	      991.500	        0.000	     1353.100	        0.000
       17.000	       12.000	        5.000	        5.000	      -54.000	       72.173	       15.334	        0.100	      991.400	        0.100	     1408.500	        0.000
       17.000	       12.000	        5.000	        6.000	      -53.000	       71.846	       14.934	        0.300	      991.500	        0.000	     1523.300	        0.000
       17.000	       12.000	        5.000	        7.000	      -52.000	       71.498	       14.641	        0.300	      992.100	        0.500	     1483.500	        0.000
       17.000	       12.000	        5.000	        8.000	      -51.000	       71.128	       14.468	        0.400	      991.800	        0.000	     1449.900	        0.000
       17.000	       12.000	        5.000	        9.000	      -50.000	       70.734	       14.416	        0.400	      991.700	        0.000	     1433.500	        0.000
       17.000	       12.000	        5.000	       10.000	      -49.000	       70.329	       14.487	        0.200	      991.900	        0.200	     1455.000	        0.000
       17.000	       12.000	        5.000	       11.000	      -48.000	       69.911	       14.670	        0.000	      991.800	        0.100	     1467.400	        0.000
       17.000	       12.000	        5.000	       12.000	      -47.000	       69.500	       14.970	        0.000	      991.800	        0.300	     1454.100	        0.000
       17.000	       12.000	        5.000	       13.000	      -46.000	       69.132	       15.426	        0.000	      989.000	        0.300	     1368.500	        0.000
       17.000	       12.000	        5.000	       14.000	      -45.000	       68.798	       16.003	        0.000	      982.900	        0.000	     1060.000	        0.000
       17.000	       12.000	        5.000	       15.000	      -44.000	       68.552	       16.483	       85.800	      962.300	        1.000	      787.600	        0.000
       17.000	       12.000	        5.000	       16.000	      -43.000	       68.391	       16.904	      371.400	      896.100	        0.300	      555.300	        0.000
       17.000	       12.000	        5.000	       17.000	      -42.000	       68.181	       17.496	      871.600	      773.200	        0.300	      222.800	        0.000
       17.000	       12.000	        5.000	       18.000	      -41.000	       67.811	       18.123	     1151.800	      739.800	        0.300	       78.500	        0.000
       17.000	       12.000	        5.000	       19.000	      -40.000	       67.374	       18.649	     1076.500	      798.100	        0.000	      104.500	        0.000
       17.000	       12.000	        5.000	       20.000	      -39.000	       66.930	       19.147	      922.100	      834.800	        0.000	      136.500	        0.000
       17.000	       12.000	        5.000	       21.000	      -38.000	       66.476	       19.514	      897.200	      844.800	        0.000	      215.500	        0.000
       17.000	       12.000	        5.000	       22.000	      -37.000	       66.033	       19.719	      917.700	      854.000	        0.000	      215.500	        0.000
       17.000	       12.000	        5.000	       23.000	      -36.000	       65.621	       19.849	      925.600	      857.700	        0.000	      234.400	        0.000
       17.000	       12.000	        6.000	        0.000	      -35.000	       65.229	       19.941	      927.200	      857.600	        0.000	      349.400	        0.000
       17.000	       12.000	        6.000	        1.000	      -34.000	       64.847	       20.047	      918.000	      861.500	        0.000	      383.000	        0.000
       17.000	       12.000	        6.000	        2.000	      -33.000	       64.467	       20.191	      876.800	      873.700	        0.000	      409.000	        0.000
       17.000	       12.000	        6.000	        3.000	      -32.000	       64.078	       20.328	      804.900	      891.300	        0.000	      495.400	        0.000
       17.000	       12.000	        6.000	        4.000	      -31.000	       63.696	       20.469	      732.300	      906.000	        0.000	      587.200	        0.000
       17.000	       12.000	        6.000	        5.000	      -30.000	       63.356	       20.659	      692.300	      915.100	        0.000	      660.900	        0.000
       17.000	       12.000	        6.000	        6.000	      -29.000	       63.062	       20.893	      675.700	      919.100	        0.000	      688.500	        0.000
       17.000	       12.000	        6.000	        7.000	      -28.000	       62.791	       21.166	      666.500	      920.100	        0.000	      645.900	        0.600
       17.000	       12.000	        6.000	        8.000	      -27.000	       62.512	       21.485	      655.300	      919.400	        0.000	      496.600	        2.600
       17.000	       12.000	        6.000	        9.000	      -26.000	       62.210	       21.859	      639.400	      918.000	        0.000	      298.400	        6.300
       17.000	       12.000	        6.000	       10.000	      -25.000	       61.894	       22.254	      622.800	      916.300	        0.000	      178.500	       15.600
       17.000	       12.000	        6.000	       11.000	      -24.000	       61.581	       22.625	      613.200	      916.200	        0.000	      161.500	       24.900
       17.000	       12.000	        6.000	       12.000	      -23.000	       61.271	       22.984	      604.400	      917.900	        0.000	      186.900	       35.800
       17.000	       12.000	        6.000	       13.000	      -22.000	       60.969	       23.335	      589.500	      918.200	        0.000	      206.900	       29.000
       17.000	       12.000	        6.000	       14.000	      -21.000	       60.681	       23.669	      555.800	      923.700	        0.000	      305.900	       21.000
       17.000	       12.000	        6.000	       15.000	      -20.000	       60.402	       23.989	      490.600	      936.200	        0.000	      327.600	       10.000
       17.000	       12.000	        6.000	       16.000	      -19.000	       60.140	       24.297	      408.300	      951.700	        0.000	      409.000	        6.400
       17.000	       12.000	        6.000	       17.000	      -18.000	       59.907	       24.573	      328.100	      964.300	        0.000	      430.000	        4.000
       17.000	       12.000	        6.000	       18.000	      -17.000	       59.697	       24.801	      260.600	      971.300	        0.000	      346.700	        3.000
       17.000	       12.000	        6.000	       19.000	      -16.000	       59.506	       24.996	      208.700	      976.300	        0.000	      259.500	        3.300
       17.000	       12.000	        6.000	       20.000	      -15.000	       59.341	       25.171	      173.700	      979.000	        0.000	      173.500	        2.200
       17.000	       12.000	        6.000	       21.000	      -14.000	       59.200	       25.325	      155.100	      979.800	        0.000	      105.400	        0.000
       17.000	       12.000	        6.000	       22.000	      -13.000	       59.089	       25.454	      144.100	      980.000	        0.000	       60.300	        0.000
       17.000	       12.000	        6.000	       23.000	      -12.000	       59.015	       25.555	      134.000	      980.500	        0.000	       32.400	        0.000
       17.000	       12.000	        7.000	        0.000	      -11.000	       58.979	       25.630	      123.100	      981.700	        0.000	       25.000	        0.000
       17.000	       12.000	        7.000	        1.000	      -10.000	       58.972	       25.684	      113.000	      982.700	        0.000	       28.800	        0.000
       17.000	       12.000	        7.000	        2.000	       -9.000	       58.987	       25.723	      104.800	      983.500	        0.000	       32.500	        0.000
       17.000	       12.000	        7.000	        3.000	       -8.000	       59.023	       25.744	       97.700	      984.500	        0.000	       43.100	        0.000
       17.000	       12.000	        7.000	        4.000	       -7.000	       59.077	       25.738	       92.300	      985.600	        0.000	       85.600	        0.000
       17.000	       12.000	        7.000	        5.000	       -6.000	       59.151	       25.695	       88.800	      986.900	        0.000	      139.900	        0.000
       17.000	       12.000	        7.000	        6.000	       -5.000	       59.247	       25.615	       87.600	      988.000	        0.000	      210.200	        0.000
       17.000	       12.000	        7.000	        7.000	       -4.000	       59.370	       25.507	       88.500	      988.800	        0.000	      301.000	        5.000
       17.000	       12.000	        7.000	        8.000	       -3.000	       59.522	       25.384	       90.400	      989.700	        0.000	      393.500	        9.200
       17.000	       12.000	        7.000	        9.000	       -2.000	       59.710	       25.248	       92.200	      991.100	        0.000	      486.700	       12.300
       17.000	       12.000	        7.000	       10.000	       -1.000	       59.937	       25.104	       94.000	      993.200	        0.000	      535.600	       14.100
       17.000	       12.000	        7.000	       11.000	        0.000	       60.196	       24.952	      100.000	      988.300	        0.000	      518.300	       16.600
       17.000	       12.000	        7.000	       12.000	        1.000	       60.476	       24.777	      113.600	      980.800	        0.000	      561.400	       20.000
       17.000	       12.000	        7.000	       13.000	        2.000	       60.771	       24.530	      134.600	      971.800	        0.200	      672.800	       13.300
       17.000	       12.000	        7.000	       14.000	        3.000	       61.084	       24.181	      155.600	      962.600	        0.500	      793.300	        6.700
       17.000	       12.000	        7.000	       15.000	        4.000	       61.421	       23.732	      178.600	      959.900	        0.500	      933.900	        0.000
       17.000	       12.000	        7.000	       16.000	        5.000	       61.809	       23.195	      202.800	      953.200	        0.800	      919.000	        0.000
       17.000	       12.000	        7.000	       17.000	        6.000	       62.255	       22.598	      220.800	      953.000	        0.800	      885.400	        0.000
       17.000	       12.000	        7.000	       18.000	        7.000	       62.747	       21.910	      215.900	      956.300	        0.300	      871.900	        0.000
       17.000	       12.000	        7.000	       19.000	        8.000	       63.265	       21.167	      230.200	      962.400	        0.700	      795.800	        0.000
       17.000	       12.000	        7.000	       20.000	        9.000	       63.782	       20.428	      397.700	      931.600	        1.500	      772.500	        0.000
       17.000	       12.000	        7.000	       21.000	       10.000	       64.255	       19.697	      671.600	      880.500	        1.500	      726.000	        0.000
       17.000	       12.000	        7.000	       22.000	       11.000	       64.744	       19.022	      928.400	      839.100	        0.800	      730.900	        0.000
       17.000	       12.000	        7.000	       23.000	       12.000	       65.285	       18.385	     1130.700	      810.000	        1.100	      817.700	        0.000
       17.000	       12.000	        8.000	        0.000	       13.000	       65.851	       17.655	     1355.700	      780.900	        0.800	      835.700	        0.000
       17.000	       12.000	        8.000	        1.000	       14.000	       66.469	       16.863	     1455.900	      712.900	        1.100	      689.800	        0.000
       17.000	       12.000	        8.000	        2.000	       15.000	       67.197	       15.617	      966.100	      797.000	        0.000	      610.900	        0.000
       17.000	       12.000	        8.000	        3.000	       16.000	       67.702	       14.090	      482.700	      908.600	        0.000	      980.900	        0.000
       17.000	       12.000	        8.000	        4.000	       17.000	       68.000	       12.563	      433.300	      918.900	        0.000	     1310.000	        0.000
       17.000	       12.000	        8.000	        5.000	       18.000	       68.144	       11.099	      509.400	      912.500	        0.300	     1202.200	        0.000
       17.000	       12.000	        8.000	        6.000	       19.000	       68.088	        9.766	      539.300	      908.500	        0.700	     1187.800	        0.000
       17.000	       12.000	        8.000	        7.000	       20.000	       67.864	        8.505	      552.900	      908.500	        0.800	     1160.500	        0.000
       17.000	       12.000	        8.000	        8.000	       21.000	       67.514	        7.436	      626.300	      899.300	        0.700	     1225.100	        0.000
       17.000	       12.000	        8.000	        9.000	       22.000	       66.965	        6.609	      660.900	      893.200	        0.500	     1328.600	        0.000
       17.000	       12.000	        8.000	       10.000	       23.000	       66.267	        6.042	      677.400	      892.500	        0.700	     1376.300	        0.000
       17.000	       12.000	        8.000	       11.000	       24.000	       65.427	        5.747	      724.100	      887.100	        1.000	     1389.800	        0.000